Depth,Qc,Fs,u,andrus_2007_holocene Vs,andrus_2007_pleistocene Vs,andrus_2007_tertiary_age_cooper_marl Vs,robertson_2009 Vs,hegazy_2006 Vs,mcgann_2015 Vs,mcgann_2018 Vs,Ic
0.06,1.247,0.0435,-0.0024,72.06909912986197,87.73629459287544,149.7845962458761,59.03643996957419,80.07060585988273,32.132406185874025,87.5276033468423,2.776295400865089
0.08,1.7183,0.051,-0.0055,80.52142041902788,98.02607703186004,174.1541775128654,67.71038105541729,90.49694046039443,36.936812818786905,96.33084670071362,2.6247342129544187
0.1,2.1878,0.0584,-0.011,87.57986816997428,106.61896994605564,195.19808746286435,75.46279896205594,100.30676361398605,41.15202268489882,103.92247515202195,2.515534404989632
0.12,2.5523,0.0645,-0.0079,92.93675948267557,113.14040284847461,210.86980736096206,81.93059518174282,108.99041993604027,44.62948069697177,110.36888834792789,2.449045054599223
0.14,2.777,0.0694,-0.0069,96.83111752644227,117.8813604669732,221.14788709544135,87.22032779284186,116.83309583495499,47.44049148234823,115.92826631035814,2.418369058973579
0.16,2.8691,0.0731,-0.0034,99.55302790629317,121.19499049461777,226.9485907854251,91.47845153236786,123.84461244618772,49.68024159903283,120.7532110032654,2.413231861482972
0.18,2.898,0.0715,-0.0034,100.93751660377073,122.88045499589481,230.4916217789625,94.00041349092552,126.05431287318771,51.3136783749541,124.05749646263541,2.400683262526985
0.2,2.951,0.0688,-0.0038,102.12781754375742,124.32951700979164,234.52211982031187,96.07152494091198,126.70681861002521,52.80798159079301,126.78988660622377,2.378462170145935
0.22,3.0468,0.0678,-0.0043,103.6987250535843,126.24192615218958,239.64767407154568,98.51635749780692,128.44917688295826,54.40977390354405,129.66805575260287,2.3547118253463046
0.24,3.1865,0.0638,-0.0033,104.8400243795467,127.63133402727426,245.91102950320482,100.10505245822783,126.73170626701776,55.820518914204996,131.5541069731398,2.309669381177295
0.26,3.3365,0.0587,-0.0014,105.62268029838077,128.5841325371592,252.28631043291236,101.14869094681386,123.42406752969868,57.059938436834145,132.84442090229035,2.257688624855834
0.28,3.6378,0.0522,-0.0026,106.47787863421901,129.6252435547014,262.66524876620264,101.91835333337622,117.65647454256688,58.40569515557836,133.39455727468038,2.1721463576023963
0.3,3.8852,0.0472,-0.0021,107.08843422306624,130.368528619385,271.20431898278844,102.6649392478004,113.29708574830639,59.603291608539884,134.0434359699075,2.1044960314440293
0.32,4.1838,0.0412,-0.0017,107.23833017021555,130.55101064200153,280.77922773976076,102.83358353571987,107.24705129569567,60.64460864105155,133.93650521997486,2.0233210300970694
0.34,4.4434,0.0298,-0.0012,104.7792656851302,127.55736692102806,289.0468450272302,99.84680738387456,93.7326815659822,60.56196125151394,130.45632189327725,1.905916445163239
0.36,4.7794,0.0548,-0.0011,114.44746204950204,139.3273451037416,298.8972320320852,112.83381725556686,125.0928201542999,65.40613270541121,143.34188909432626,2.0185683552808205
0.38,5.1995,0.0548,0.0012,116.34325149304672,141.63526268718732,310.35256083055754,115.4890475534754,125.84350607149729,67.20706304557255,145.40675872957922,1.9669398275861294
0.4,5.7575,0.0607,0.0008,119.96977287593279,146.05015828374428,324.3144807589495,120.50808890290241,132.86494559165126,69.77002045002739,149.3898854522805,1.9329092680097497
0.42,6.4826,0.0691,0.0,124.33283548108204,151.36171275957815,340.98339928618793,126.57154495784046,142.0549536757641,72.71930039577238,153.9504335557727,1.8968824594213558
0.44,6.0747,0.0773,0.0014,126.11696840164299,153.53370066286973,334.1701948002931,129.81531303940773,153.2914923262725,73.66210772061633,157.98458022037505,1.9691753198082074
0.46,5.8812,0.0769,0.0005,126.2690004783755,153.71878319106582,331.5112673314568,130.71293541676906,155.12445587511468,74.19924445171024,159.62538546747226,1.9876222850183276
0.48,5.8169,0.0822,0.0004,127.91607593607115,155.72391853086924,331.5150251081091,133.64526050671066,162.59964197531173,75.37942806198632,162.744320950855,2.01400878320741
0.5,5.6332,0.0679,-0.0005,124.88446918209297,152.03326683037406,328.79384061921945,129.90775973791747,149.2391404493275,74.69394887190563,160.36065645800113,1.9782335416682084
0.52,5.3236,0.053,-0.0013,120.7695798447932,147.02383633279172,323.0138442305184,124.77204581115178,133.90662167763475,73.37620217579857,156.7611296693666,1.9438011718099584
0.54,5.0548,0.0444,-0.0012,118.00490877057798,143.65814980766018,317.869392108696,121.50402865096852,124.78229164658558,72.52528555312799,154.6046572115345,1.9281487252899057
0.56,4.7977,0.0358,-0.0003,114.83895188474438,139.8039414249062,312.7261869723987,117.6710923211067,114.59904396724502,71.42580609188703,151.66863024102526,1.9047931944376753
0.58,4.5727,0.0331,-0.0007,113.69958975887965,138.41689188037523,308.10449325109585,116.56914113147904,112.0748452709364,71.16417170837975,151.41536752046252,1.9145629320088748
0.6,4.3547,0.0335,-0.0008,113.73298338677652,138.45754499259752,303.42375123824115,117.07733497350758,114.03995732710563,71.40564991763348,152.90304618516052,1.9471452222597325
0.62,4.1561,0.0311,-0.0005,112.63989209507962,137.12682515922737,299.0334658056076,116.01512416215499,111.67743061220317,71.13651863393008,152.64127315128044,1.9572144853740618
0.64,3.9524,0.0286,0.0,111.39012856815467,135.60537390905785,294.27680347025444,114.73229384399629,108.96515898516813,70.75582592069316,152.14848900894776,1.9674054919054569
0.66,3.7487,0.039,0.0005,115.04367789344519,140.0531730876724,289.27434403627586,120.64504631107147,126.56988598560487,72.66883842801471,159.58405164752935,2.0767673146304206
0.68,3.5477,0.0386,0.0006,114.52053396665619,139.41630222027712,284.08822264399646,120.55461119697732,127.49371364529041,72.6330696515067,160.51309427841665,2.1077442395649197
0.7,3.4623,0.0377,0.0008,114.26644512849931,139.10697667817308,282.2678862875058,120.60365048148714,127.27520890891743,72.82155130345718,161.17038146047162,2.116542078134185
0.72,3.4666,0.037,-0.0004,114.44723077727978,139.32706355494932,283.1747039848612,121.08129979826407,127.04448454371862,73.2931078727499,161.92965431618532,2.1111066573066273
0.74,3.4388,0.0352,0.0037,114.0943307406999,138.8974461191129,283.1259581310458,120.80580004024067,125.09688940470052,73.46320615944333,161.99266042647128,2.103013589243056
0.76,3.0637,0.0337,0.0018,112.17395706105114,136.5595999004101,271.60070501643065,119.12305660295625,124.64147611024273,72.52650364305362,162.03010130059184,2.1624588840768095
0.78,2.9466,0.0344,0.0009,112.1716865330966,136.55683577942196,268.2641825007123,119.72782193441533,127.02464153814552,72.76737756940146,163.48776780414423,2.191579134965746
0.8,2.817,0.0302,0.0002,110.29381854619136,134.27073562145037,264.3460245231761,117.36002005918367,120.97248897286086,72.02557293787552,161.72264935466072,2.1862595931964695
0.82,2.6919,0.0249,0.0003,107.78616670221754,131.21794207226483,260.4361083949229,113.97279707124478,112.28478593526647,70.9040601329752,158.65107209182156,2.166870664067129
0.84,2.5988,0.0235,0.0003,106.95898503850839,130.21093830774936,257.57177850137,113.15428743034236,110.48473646748293,70.67948699720318,158.3837261597593,2.174511766831373
0.86,2.4833,0.024,0.0023,106.80457282911446,130.02295822674805,253.76070458842588,113.52828084062607,112.4698535625117,70.80275041101406,159.71236510509377,2.2068436795808637
0.88,2.2893,0.032,0.0003,108.87090382558202,132.53849161375203,246.52598465354023,118.25929625003536,129.2181941085636,72.12878955758696,166.66529243953144,2.3275672868142308
0.9,2.122,0.0353,0.0,108.93025768312283,132.61074848380173,240.01041934469254,119.76906485176777,136.83508061951002,72.37921620806164,169.67260896491206,2.399492659534652
0.92,1.9481,0.0411,-0.0006,109.32503351988139,133.09134515463822,232.7921769200755,122.32301244984757,149.0014252699121,72.84566792186517,173.91643951774054,2.492596205349612
0.94,1.748,0.0462,-0.0012,108.81115546500456,132.465754479136,223.8133534996401,123.93461941464243,160.1682930600837,72.85151974526784,177.40234887610285,2.5915219057434564
0.96,1.5297,0.0485,0.0055,107.02414529040473,130.2902638317971,213.28393054196087,123.77557773109646,166.96525358701996,72.17538222737079,179.3027249355246,2.6864612165280115
0.98,1.134,0.0454,0.0035,100.72968647508712,122.6274444044539,190.61270195458334,118.82359019726086,167.01618526806521,69.1478351082497,178.3041083726055,2.8539129799134804
1.0,0.9435,0.0433,0.008,96.99185579143693,118.07704183305366,178.19048771946765,115.9714854927308,166.7663260521198,67.4542243368716,177.87555658349402,2.9539918206820666
1.02,0.8449,0.0381,0.0069,94.05144055189355,114.49740588926171,171.16007236049452,112.19953086279473,158.5450765733518,66.05191424675292,175.6767162444388,2.9879043271641015
1.04,0.8261,0.0346,0.0077,93.11383035261996,113.35596738579821,170.0530049439277,110.28733022563678,151.916327098614,65.66729169540352,174.3151462036475,2.975711258037614
1.06,0.956,0.0419,0.0137,97.7480041034414,118.9975702128852,180.29308974318545,116.20358132580225,164.85450770826046,68.49873542766936,179.76508759653433,2.9358299070285527
1.08,1.4412,0.049,0.0259,107.65604452285733,131.05953246260893,211.4133769368152,125.48487658750652,171.78313806647336,74.00348874916199,184.891103898028,2.723380053918179
1.1,2.1461,0.0569,0.0306,117.58046651426582,143.14143749562797,246.44615631007687,135.10622185600334,178.7785698689176,79.75481299322038,189.95507851041884,2.520064225361018
1.12,2.3951,0.0646,0.0085,121.57107647602903,147.9995713621223,257.0186682090137,140.20975106674445,189.2673037776352,82.29478937016432,194.15524957173386,2.4913580088309213
1.14,2.3118,0.0737,0.0003,122.76784636518896,149.45650861849091,253.87209885508798,143.38252308730017,203.87197171731657,83.18518954466579,198.3447402013557,2.5526085943992576
1.16,2.4721,0.0686,-0.0033,123.50423192585848,150.3529779966973,260.8452178677222,142.86622069863105,195.560042081396,83.89837604290955,197.46878334573836,2.490636588366683
1.18,2.8529,0.0624,-0.0128,125.38276195602326,152.63988412037614,275.8456979922331,142.9888701306378,184.13776561588708,85.38126894455395,196.105159650084,2.375692726571174
1.2,3.1935,0.0587,-0.0275,126.94702228962865,154.54420104824356,288.27777124834233,143.5154563359195,177.0273039763378,86.74443214868889,195.54519060493521,2.2898906800390413
1.22,3.3353,0.0663,-0.0448,129.78108035533387,157.99435869344993,293.353946927354,147.71028299459962,188.02065194086006,88.58147444948894,199.5614953603736,2.2991296316794867
1.24,3.4675,0.0769,-0.0635,133.02094432899867,161.93854092225925,297.9870890321134,152.76699406677534,202.82290620316863,90.59063613725574,204.34404584493225,2.3196462742961788
1.26,3.4321,0.0833,-0.0685,134.30027943090968,163.49599235067268,297.2127170563358,155.22334982220463,212.2750824285566,91.46501291956406,207.30057036661032,2.3501534086122087
1.28,3.2974,0.0886,-0.0724,134.6556539156439,163.9286221581752,293.0634800444478,156.67239094575027,220.74862152339375,91.80702381375232,209.7416748551234,2.3939500088581016
1.3,3.1626,0.0918,-0.0765,134.53590148701213,163.78283659288434,288.7663549264798,157.32550981298726,226.4375126793485,91.9213495558378,211.47415566868946,2.4311132162329514
1.32,3.0059,0.0931,-0.0805,133.85958877608007,162.95949937957576,283.524007524148,157.17271148429427,229.8214442393446,91.74629423511409,212.60106221084513,2.4675697529988443
1.34,2.7433,0.0935,-0.0809,132.0969470517186,160.8136746716574,274.0813504862054,156.0095855506591,232.94708075391952,90.95816208811685,213.38603870413127,2.5262774953649894
1.36,2.4948,0.0884,-0.0816,129.3693662115649,157.4931414749486,264.5675156635102,153.00486216089465,228.6271924717385,89.6747807302607,212.48190830794624,2.569145689328854
1.38,2.3736,0.0851,-0.082,127.94408034947502,155.75801086023046,259.87965088615925,151.35117536816335,225.58926639166233,89.1142276252716,212.13778153073204,2.5892024449759443
1.4,2.4841,0.0803,-0.082,128.42069665740829,156.3382394090188,264.87956074356094,150.78319271673246,218.18274990957227,89.6266479320442,211.38171662657192,2.5433425601831376
1.42,2.7081,0.0778,-0.082,130.13371875005808,158.42365760876638,274.26756997930414,151.67604949348294,213.17509943191666,90.8675891404242,211.40622580318447,2.4798127509637986
1.44,2.7516,0.0758,-0.0822,130.34316184381643,158.67863180986348,276.3427794539465,151.51335463332157,210.36329433250017,91.23372837575664,211.46348918570266,2.4622317312200015
1.46,2.6019,0.0724,-0.0846,128.69476298870686,156.67188537755615,270.75352333208383,149.55517681817366,206.90767914546177,90.50406050792995,210.8531978314369,2.4842055401561796
1.48,2.4732,0.0684,-0.0841,127.03489106017952,154.65117172543594,265.8507157993982,147.4204099272335,202.262870198495,89.76138945184175,209.94395821366635,2.499560936384631
1.5,2.4257,0.0676,-0.084,126.67074290480792,154.20786092759226,264.21260719743486,147.05371290560683,201.8017575674133,89.75802944722254,210.30602210740096,2.5084297278384673
1.52,2.3862,0.0664,-0.0839,126.28709520458702,153.74081155341028,262.8825085238827,146.56973727811877,200.64161893972755,89.74289519670171,210.49562031592816,2.5136579400024335
1.54,2.3866,0.0633,-0.0838,125.86700373535098,153.22939585173165,263.2418378318699,145.56623997941094,196.12226951762335,89.71506145468749,209.8845881177793,2.4998400182796674
1.56,2.4831,0.0624,-0.0838,126.73334891189717,154.28407693622265,267.65917897556864,146.11742645581703,194.29957455388484,90.44528852550405,210.24091238900613,2.4708790823925093
1.58,2.8394,0.0618,-0.0837,129.63262894985203,157.81363524329814,282.2774318459753,148.3933170416539,191.202221828388,92.46154878446832,210.86396902620123,2.384006422985758
1.6,3.3401,0.0558,-0.0836,131.61446214590026,160.22630174283512,300.93598843856904,148.71110611137468,179.12046123499573,94.17923974269249,208.99715629634284,2.253644602165082
1.62,3.6558,0.0459,-0.0838,130.57287743902683,158.95828557794573,311.9892937690015,145.50903496313472,161.70253738852344,94.20260653616994,204.53553598385926,2.143937687537757
1.64,3.7138,0.0378,-0.0841,128.18721187130413,156.05399706071807,314.26653090850954,141.37352967825507,147.6452280006461,93.22450753859637,200.08099567440829,2.083165179377411
1.66,3.5966,0.0331,-0.0842,125.9792461209071,153.3660387558869,310.77461808125736,138.09146516976534,139.6278259944184,92.08779266922853,197.2142728853208,2.0693166760423822
1.68,3.3634,0.0306,-0.0843,124.01900303567304,150.97965586951503,303.19546382246375,135.52698374306172,135.8065843081739,90.9127486900297,195.70636483562365,2.091188938776586
1.7,3.1345,0.0305,-0.0844,123.00182703212238,149.74135464780116,295.39777607475224,134.53250059597613,136.6060684296747,90.26673650447388,196.10738872573793,2.133924947638759
1.72,2.8278,0.0284,-0.0844,120.5394105747927,146.74363026496502,284.1981661247259,131.61085068272826,133.69621253039844,88.70105082203636,194.72448189846872,2.1800213581535077
1.74,2.6156,0.0274,-0.0844,118.93667960074252,144.79247951394743,276.06174525759246,129.85225499383813,132.64472966092367,87.73120249196532,194.27473096926846,2.219578442967536
1.76,2.4259,0.0309,-0.0844,119.2069580758896,145.12151417934388,268.4284087828517,131.3460341242075,141.0182520516276,87.93435760869397,197.79582576405247,2.2963649266556274
1.78,2.1784,0.0337,-0.0844,118.39012868258365,144.1271131787975,257.73991793891776,131.71066687070822,148.32588040031183,87.48219753739568,200.45187436227488,2.3859333615679064
1.8,1.9545,0.0347,-0.0844,116.78553657145955,142.1736966956899,247.37423608823332,130.85151329533173,152.04966245451902,86.60442109307468,201.62305686351476,2.461827123814915
1.82,1.8959,0.0369,-0.0842,117.04203202534974,142.48595203086057,244.73279233109955,131.92625784760273,157.1905300829072,86.93332259345266,203.76382210741616,2.4973223684012784
1.84,2.0121,0.043,-0.0842,120.1970811430786,146.32688139157398,250.73369993249497,136.56893103533105,168.4975133471206,89.07187539391632,208.52425132842356,2.5009241050778
1.86,2.1873,0.0457,-0.0842,122.8294520407723,149.53150683224456,259.27816588022466,139.58830313231957,172.49425700694093,90.87873411081387,210.88755811792868,2.464932554402308
1.88,2.234,0.047,-0.0841,123.78662670429787,150.69676294436263,261.6921663355946,140.83792980243484,174.813622753727,91.64015258074657,212.26462768019158,2.4593937295159725
1.9,2.2506,0.0467,-0.0841,124.02625680863311,150.9884865496403,262.7202473891546,141.02267072015786,174.42156372472667,91.95928427197951,212.66823094055235,2.4530666082073997
1.92,2.6703,0.047,-0.084,127.76183732565868,155.53614978775838,281.0150825340808,144.24504771130356,172.46033630444862,94.57673885528676,213.6801757493745,2.347385749337148
1.94,3.4036,0.0455,-0.084,132.1455920487584,160.8728946680537,308.96381639539027,147.77696363528588,166.27560079424745,97.95819993813603,213.72307774097496,2.1870319532886184
1.96,4.1843,0.0383,-0.0839,133.25033866670822,162.2178035942535,334.9142100415977,147.33208586653933,150.8099796033512,99.76637543563918,209.85358407902754,2.0137305022177916
1.98,4.7174,0.0298,-0.0839,131.32152351175552,159.86968079691977,351.09427243595957,143.91107536618614,133.89732148875484,99.69282091764984,203.82129794604145,1.8781118642865064
2.0,4.9406,0.0263,-0.084,130.2072750058792,158.51320435498337,357.7504982387619,142.29726921656712,126.89844498137612,99.60124449533228,201.11689774896976,1.8210098410327804
2.02,5.0516,0.0238,-0.0839,129.1746730872608,157.25612375840447,361.178330303574,140.89415576343106,121.94926051515056,99.36997043583055,199.05543065621373,1.7853471500832192
2.04,5.2768,0.0213,-0.0839,128.24192083092072,156.12059927242524,367.6467546777621,139.76216054966142,116.76668059731286,99.35091882256499,196.75740174593702,1.7355197881390239
2.06,5.3599,0.0222,-0.0839,129.1545531515912,157.23162992367625,370.2199077124148,141.01075752216707,118.65631241979972,100.1887066088085,198.3306377180156,1.7348886720695882
2.08,5.2999,0.0223,-0.0838,129.25501242696916,157.35392817196245,368.97460345881325,141.08928633829424,119.09958751842785,100.33288009118188,198.91566780858136,1.7426149441059857
2.1,5.2604,0.0236,-0.0838,130.14936980745028,158.4427110699395,368.2633540019599,142.24157960625277,121.93488748346878,100.96554315246247,200.86086852443202,1.7592865994983298
2.12,5.2887,0.0248,-0.0837,131.0986760551546,159.59838824105782,369.37157610656675,143.51879094170752,124.45352082405158,101.72809882473877,202.65355601894706,1.7669333244070418
2.14,5.271,0.0247,-0.0837,131.15573956386774,159.66785686036076,369.2387720870231,143.57696961539028,124.45620085237954,101.9105847341993,203.02384679358033,1.7681037457782696
2.16,5.2937,0.0264,-0.0837,132.36437237059917,161.13923592942507,370.19023824551084,145.21198706847835,127.94183230028008,102.80409982560666,205.27727973882335,1.78038085223687
2.18,5.2218,0.028,-0.0836,133.2637492491793,162.23412952074005,368.58577699440434,146.40797016126754,131.34972882024016,103.36867716077909,207.31544684256508,1.8021107376674936
2.2,5.0711,0.0296,-0.0836,133.92284473313245,163.0365066316395,364.78716387794776,147.29080522003943,134.89185206780405,103.67242409985509,209.25621817880855,1.832895947173923
2.22,4.9372,0.0323,-0.0835,135.10791478776713,164.47920061119478,361.3759942971534,148.97442828301462,140.48779807136881,104.28671390931449,212.08753434523624,1.8701055387362735
2.24,4.9851,0.0347,-0.0827,136.55070636700606,166.23564253374653,363.05243860974196,151.02541586680366,145.04914507402677,105.31716415151864,214.57450653876634,1.8817113542723982
2.26,5.1072,0.0281,-0.081,133.65823573431942,162.71437393743233,366.7897169114163,146.90924690806173,132.49196509454515,104.107238383837,209.27703096391056,1.816448474298275
2.28,5.2293,0.0277,-0.0793,133.87430638614904,162.9774164700945,370.47962038781674,147.23061650348126,131.67466080947761,104.59367041956537,209.3900902100369,1.7987577428895822
2.3,5.3514,0.0309,-0.0776,136.04456401372428,165.61946923409914,374.1239196572001,150.25755203647748,137.76989449712792,106.15587218544907,212.89338098791796,1.8101750730070403
2.32,5.4173,0.032,-0.0781,136.91666157800404,166.68115322539623,376.2046305876606,151.48305732610558,139.90031260154936,106.90934448850003,214.35208198210216,1.811103721543121
2.34,5.4077,0.0317,-0.0792,136.88702785701545,166.64507739114927,376.25552707728156,151.44013991160193,139.5510934573263,107.05367070275184,214.5523938957413,1.8100276705439697
2.36,5.384,0.0277,-0.0795,134.80606189489282,164.11172752421734,375.93408164313905,148.56633944833092,132.13438138388122,106.04551560750916,211.27058726648477,1.7812447127715807
2.38,5.461,0.0218,-0.0797,131.46998409955754,160.0504154255483,378.30527902735304,144.15581010257083,120.37388846745674,104.41557861785611,205.25270238978626,1.7203137811778602
2.4,5.6241,0.0229,-0.0803,132.64434824893016,161.48007612913236,382.91878751530527,145.83761610245296,122.58109137235202,105.53354579874993,207.05332291885594,1.7131192916601252
2.42,5.6649,0.0261,-0.0811,134.86904191102502,164.18839884820437,384.2907863562149,148.811982111045,129.07312046802312,107.04326332718479,211.05805499896155,1.7372467726218908
2.44,5.4945,0.0277,-0.0815,135.61015883754163,165.0906281500507,380.1112630082848,149.70719517565567,132.64174320457968,107.34644665784403,213.09203652182265,1.7691760133846046
2.46,5.3976,0.0257,-0.0814,134.36835800460076,163.57887061429662,377.8265309483249,147.97811292541616,129.01991905724338,106.6495758080395,211.43453682324426,1.7630915688210325
2.48,5.2736,0.0278,-0.0812,135.46229147945695,164.9106157141215,374.7681395078005,149.41418828151615,133.55905615936024,107.22956472745152,214.0057524548531,1.7949599018281606
2.5,5.1657,0.031,-0.0811,137.08871236779305,166.89060636079154,372.09789221006537,151.65874032129796,140.16923474346288,108.12316950146277,217.46669475326473,1.8330588888110506
2.52,5.1186,0.0323,-0.0811,137.77835553904322,167.73017196057438,371.082161698046,152.63708028372605,142.9430814121269,108.5897302770156,219.05750604767653,1.8485444624267682
2.54,5.3114,0.0323,-0.0812,138.39666793326282,168.4829000926678,376.68911061615114,153.5175824604227,142.72521720365074,109.40961830301507,219.55612655622852,1.8259811213029238
2.56,5.7358,0.0296,-0.0813,138.01161281545248,168.01413734055086,388.28573629948767,153.1434330103088,136.96499641215664,110.06855913488884,217.63361936400406,1.7585647049684274
2.58,6.4305,0.0262,-0.0814,137.3065325445492,167.155778749886,406.03065671373434,152.8405651707958,129.58485923653512,111.00801871400446,214.8125843349861,1.662014855610867
2.6,7.5126,0.0292,-0.0817,140.59307378929202,171.15678548261639,431.33838171021415,158.4167459270056,134.09297980387493,114.79447566566316,218.53883878328983,1.5923787577179966
2.62,8.4328,0.0345,-0.082,144.64322606937895,176.08740564967874,451.2294890082958,164.80531778251233,142.56161066347298,118.59995005408838,223.9539134151563,1.560603376295083
2.64,8.8388,0.0385,-0.0824,147.28618323352165,179.30491871906983,459.7836588558181,168.71441032159157,149.00957689696932,120.7529060832472,227.68727227263608,1.5580791870839183
2.66,8.9994,0.04,-0.0825,148.33448575985187,180.5811130989501,463.31484991860765,170.29762267094432,151.48420750241883,121.70618500463198,229.2893001142205,1.556402168791676
2.68,9.1613,0.0411,-0.0823,149.15708986495815,181.58254418342733,466.84120039322977,171.605468058326,153.27840338251428,122.54906160615975,230.56627208145133,1.5521890454245202
2.7,9.2897,0.0434,-0.0822,150.56121969064378,183.29191962339243,469.6856735409085,173.59125848486732,157.04286003315738,123.606366508737,232.6653258198447,1.5571797968311756
2.72,9.5372,0.047,-0.0819,152.63872841589077,185.82106068021486,474.7937743670799,176.5948658511591,162.64569999739547,125.15514528882835,235.57333173515892,1.5612136855812415
2.74,9.8911,0.0502,-0.0816,154.62387230350294,188.23775758687313,481.8238129457203,179.32956865835018,167.13277303602283,126.7611321380978,238.1041368840171,1.557050934539904
2.76,10.0645,0.0514,-0.0814,155.5611069551184,189.37873890188328,485.3951899789039,180.416012131364,168.67310390617425,127.58586550831305,239.3071204258724,1.5540653279535492
2.78,9.9519,0.0511,-0.0814,155.49916584528086,189.3033323333854,483.6519880804157,180.24749513545063,168.60445136506888,127.57326642559109,239.54235242024822,1.5594692295721704
2.8,9.6653,0.0514,-0.0811,155.40746612819035,189.19169789518827,478.6064700367714,180.35704439848385,170.11162439808948,127.35286025497334,240.1079480548415,1.576833680118184
2.82,9.2841,0.0516,-0.0809,155.30711936198082,189.06953661458536,471.6136256163507,179.96118986724684,171.36365370760396,126.90874019320263,240.59052266053834,1.6019631886153385
2.84,8.9022,0.0531,-0.0806,155.78091924563657,189.6463364729489,464.40596528314745,180.18816994855317,174.57200445680473,126.69246461072876,241.84541793593704,1.6353616433902491
2.86,8.4676,0.0556,-0.0803,156.52637555860161,190.55384850612373,455.89617139627904,180.79330332993283,179.49255100157933,126.51041373916992,243.63827231153275,1.6785002003374179
2.88,8.1076,0.0575,-0.0799,156.988479783043,191.11641017066108,448.6751040569586,181.17327191683214,183.40051638909964,126.31701634783299,245.05788318414903,1.7144119552215598
2.9,7.7755,0.0586,-0.0789,157.08762241798283,191.23710555232694,441.8454843475568,181.1382491721531,186.06171686132575,125.9983469728673,246.01666594053643,1.7454099595666286
2.92,7.3402,0.0607,-0.0785,157.30635834490872,191.50339276771496,432.4837713573604,181.295977729673,190.5789502577706,125.56276009909715,247.46990128029282,1.7907475340748522
2.94,6.7507,0.063,-0.0781,157.11515126643047,191.2706189330458,419.0954047217384,180.99143563685553,195.92490685329668,124.67801374592524,248.94481348400384,1.8529733457419264
2.96,6.0493,0.0622,-0.0776,155.3180573743673,189.0828524557515,402.0835863178612,178.56689797809813,196.95487208322177,122.82508074064798,248.75620705466295,1.9174574944585017
2.98,5.425,0.0584,-0.0772,152.40844846925987,185.5407198756207,385.86637873152125,174.6236966542843,193.07324518101,120.50797082951829,246.94753670290146,1.9675364331901255
3.0,4.9663,0.0513,-0.0767,148.59152449222634,180.89402981662337,373.2358239878217,169.21370299256742,182.8978121072712,117.93046690923522,243.0733431386144,1.9868433694897922
3.02,4.5876,0.0433,-0.0758,144.3634777857053,175.7468425217282,362.27171337496804,163.11992405883532,170.1097425350306,115.17456135164159,238.03491906431677,1.9908124378652574
3.04,4.3772,0.0378,-0.075,141.4187992087599,172.16201642805555,356.03005268181823,158.8365348265077,160.5994493103913,113.3237086515945,234.17771246260872,1.9847520289440357
3.06,4.4364,0.0332,-0.0734,139.62656705636385,169.980168590356,358.12831007241294,156.02612624573476,151.53899759051848,112.5317987454205,230.66582461979337,1.943889988673851
3.08,5.4803,0.027,-0.0715,139.2364256506921,169.5052138356252,388.7062787575265,155.38314277963173,136.8542367189042,114.2420370968963,225.2721625062664,1.7657450854487995
3.1,7.7939,0.0266,-0.0718,143.77644838338963,175.03219803195262,445.2412167604523,160.3331125997001,131.32045662578597,120.252536329703,225.79164230760122,1.5677468563232033
3.12,9.695,0.03,-0.0747,148.36958502935147,180.62384264442787,484.3822057267174,166.37869476170619,134.58019152938226,125.56157347390688,230.0949486843574,1.474672047576188
3.14,10.9894,0.0321,-0.0778,151.02467775467613,183.8561294404753,508.50757083664377,169.8014952987245,136.28847010227403,128.7966111545497,232.7189871284292,1.422794397626291
3.16,11.7197,0.0323,-0.0791,151.9049873577579,184.9278106964009,521.5158669079065,170.91686827257033,135.6831125249523,130.2922597978136,233.39250068208685,1.3912540540072034
3.18,12.1166,0.0326,-0.0792,152.53334886843638,185.69277253548776,528.5414047842592,171.71931755666924,135.744190875086,131.24913630766483,234.10415534178586,1.376315848785313
3.2,12.3324,0.0372,-0.0789,155.3494408811896,189.1210584640569,532.4600129670778,175.58818288137402,142.94439277954146,133.2647950621175,238.56516805682838,1.3922838930052976
3.22,12.566,0.0454,-0.0787,159.77768559509929,194.5119650722948,536.6330223118471,181.83535264742767,155.5757516450112,136.08860650880973,245.2441236959071,1.422996439142715
3.24,12.7573,0.0519,-0.0673,163.0622680541998,198.51058719641713,540.1559556368219,186.5144821543331,165.29196890052995,138.14573748414148,249.96661804155642,1.4441359828689013
3.26,12.833,0.0576,-0.0482,165.73241258953348,201.76119793508425,541.8403598219295,190.35949425758756,173.81231088485637,139.70329260431515,253.781733575135,1.4646916584662555
3.28,12.9087,0.0613,-0.0292,167.4803457658944,203.88911658456712,543.5184499884452,192.84141006248157,179.22651321735236,140.78521619003547,256.2513901614447,1.4762388210773452
3.3,12.9574,0.0632,-0.0201,168.81713675911826,205.51651431544832,544.6906676631478,193.6129570428067,181.2941964273891,141.45776383462126,257.6734276297887,1.485316481435395
3.32,12.9189,0.0663,-0.0185,170.12421942273716,207.10774538420176,544.407835961686,195.59186402785394,186.07079277333372,142.19892407897305,259.67343222259086,1.4985986379316818
3.34,12.849,0.0678,-0.0167,170.79292739188256,207.92182465098747,543.6153982650526,196.57218077374398,188.56325775426532,142.58984232251288,260.8153241856949,1.50733181626833
3.36,12.7407,0.0681,-0.0153,170.9853657135037,208.15609739035236,542.1894733120346,196.81333257421107,189.39900833666567,142.70499876207612,261.3431656954233,1.5134808005041025
3.38,12.6223,0.0695,-0.0137,171.55519417410346,208.84980160325642,540.5867132872452,197.68493518707348,191.88351173396373,142.9898953080085,262.41105667447357,1.5239049810757612
3.4,12.5184,0.0705,-0.0124,171.98871741946172,209.37756903238818,539.2055857244701,198.326661339599,193.7448925454842,143.22396396056723,263.2754525328849,1.5323522422219162
3.42,12.3642,0.0703,-0.011,171.94472273994407,209.32401029210584,536.9790659745086,198.2342751008519,193.99041176312556,143.16810597878737,263.5448785715961,1.5389122166494722
3.44,12.1213,0.0696,-0.0095,171.6232481211656,208.93264988663637,533.2413431376773,197.7791761444114,193.75693056191716,142.87252553163418,263.55211551035086,1.5477545095899041
3.46,11.8363,0.0685,-0.0089,171.10034290647894,208.2960696252787,528.7227325472028,197.0466049462138,193.05277789607902,142.42505464128394,263.3465182401434,1.5573262679247544
3.48,11.5866,0.0671,-0.008,170.49644798290336,207.560893196578,524.7383174401353,196.1508636619076,191.78392193022063,141.97258438629999,262.9822920871601,1.5644486567708913
3.5,11.3891,0.0655,-0.0073,169.86898325214054,206.7970230895624,521.6033532002245,195.16234749843977,190.0374079128989,141.56348376290435,262.50547224688455,1.5685456130520885
3.52,11.2476,0.0643,-0.006,169.44270838586112,206.27807977409182,519.4201219692306,194.44669448944413,188.71381756430566,141.31583028074925,262.2287584433455,1.571474405600318
3.54,11.1895,0.063,-0.0056,169.07585125720385,205.83147109572644,518.6871391385793,193.73257761106265,186.97512525533494,141.1935095975828,261.8985241925202,1.5700452681491344
3.56,11.2067,0.0628,-0.0044,169.2032672887613,205.986586264579,519.2900983191186,193.75161424860454,186.70191797901583,141.408777687792,262.16667974443976,1.5690645032777804
3.58,11.3532,0.0634,-0.003,169.78375984561956,206.69327285553686,522.1731601326926,194.37302720543437,187.28097577920235,142.00634395250526,262.88853123783207,1.5649042585590034
3.6,11.5855,0.0649,-0.0015,170.79070333134177,207.91911709902476,526.5307321067999,195.608905862502,188.98131848729477,142.91899598679385,264.1004055287482,1.560106167403335
3.62,11.7923,0.0675,-0.0006,172.15004028060608,209.57396208073786,530.3988696175421,197.45791265347572,192.39112470073613,143.97305015414378,265.85959771548835,1.5605151179605004
3.64,11.8303,0.0713,0.0029,173.70883256919586,211.4716222581515,531.3661054403865,199.819436009842,198.02937169939085,144.9178318322866,268.13914050848376,1.572557765802677
3.66,11.768,0.0756,0.0043,175.2646786560953,213.36569575524643,530.5934128808854,202.31194940148515,204.6577482277897,145.73506425258051,270.55246996697934,1.5904238742040486
3.68,11.6622,0.0795,0.0059,176.57575176799926,214.9617847610426,529.0633513733883,204.47942517836168,210.7985414499991,146.37616955202267,272.6849417007284,1.6085246352652582
3.7,11.5097,0.0815,0.0068,177.18440297357918,215.70275144609639,526.6995334717328,205.5421101002575,214.3133920287454,146.62134543570107,273.9158444213362,1.622614958927942
3.72,11.214,0.0813,0.0076,176.6867710670113,215.09693869027467,521.7744993295544,205.6815313058718,215.7125400276583,146.26209676501037,274.1492854154934,1.6347323460210208
3.74,10.7338,0.0789,0.0084,175.63069149606133,213.81127660390078,513.4048853914239,203.65540197872306,213.3541024232249,145.19846446271578,273.3655965399774,1.6538614735605484
3.76,10.121,0.0764,0.0091,174.03912728479887,211.87372017279864,502.2789000806089,201.8152997862552,211.96755536087412,143.80333757679762,272.47274695203623,1.6784076033661337
3.78,9.5954,0.074,0.01,172.54342202153447,210.05286159143327,492.42006240698606,200.04018137523244,210.39049003731031,142.5357680177024,271.6017545428076,1.7001755550211581
3.8,9.4759,0.0712,0.0101,171.6066438983071,208.91243605011303,490.32631103454315,198.42736131891684,206.55399275358937,142.03221170351677,270.5791922707709,1.6980290704017975
3.82,10.0309,0.0599,0.0127,168.7895257892861,205.48290096087004,501.38075807537444,192.37398954265615,186.77925320250336,141.36790104759046,265.03131316992216,1.6256639210067534
3.84,10.8677,0.0554,-0.0016,168.36355038466436,204.9643222074175,517.1142001155742,190.4969128737577,177.29617007381177,142.290869819288,262.8568161062297,1.5651621862329097
3.86,11.5454,0.0532,-0.0562,168.38524634144693,204.9907346765441,529.0737381480435,189.8433006914806,172.27618782524593,143.2605627773789,261.9368992757766,1.5251367792130675
3.88,11.8074,0.0527,-0.0731,168.60542954965905,205.25878379958493,533.7878506385464,189.88632627905693,170.98966062329396,143.8180975540749,262.00133462509615,1.5118540745418876
3.9,11.9979,0.0519,-0.0767,168.61398730249715,205.2692019334748,537.3174096275342,189.664860900883,169.41098843753983,144.172964552737,261.85220555222753,1.5004995604684446
3.92,12.1753,0.0494,-0.0769,167.84336709719523,204.33105559658551,540.6189072561538,188.29250290951657,165.24077988839764,144.09196337666563,260.5422643803372,1.4824686634100726
3.94,12.2943,0.0496,-0.0766,168.20197601697146,204.76762297718264,542.9122377338086,188.66456129436767,165.39536773593443,144.5466729618694,261.0337879655531,1.4786488836731786
3.96,12.3076,0.0537,-0.076,170.1704433237394,207.16401795933493,543.4136949461555,191.50173962369539,171.7625833897059,145.73031919389192,264.0830806224893,1.4958874464300689
3.98,12.177,0.0582,-0.0755,172.08007134852886,209.48878251125254,541.4714842235672,194.35784038760178,178.99453511722749,146.68703453259343,267.17951607929456,1.5202820522431926
4.0,12.0169,0.0622,-0.0751,173.66177271270845,211.41433199807986,539.0039869079108,196.78138332026012,185.50963407927665,147.4229898989476,269.81379306540555,1.5434005251763754
4.02,11.9076,0.0638,-0.0745,174.32100469770518,212.21687528416285,537.3906107307146,197.75458203655097,188.27701801465048,147.74455091518547,271.0296064224583,1.554918536875601
4.04,11.8804,0.0642,-0.0739,174.6078644964905,212.56609590877105,537.1883493328642,198.08237631800404,189.02792506731234,147.9765585811824,271.58610354556237,1.5582059890083364
4.06,11.8869,0.0642,-0.0732,174.78054684848735,212.77631790250635,537.5687339221514,198.20383292424543,189.08899622735817,148.191518218758,271.9267319175678,1.5584618202218021
4.08,11.8395,0.0651,-0.0725,175.23062921468173,213.32424426135168,537.0130302937058,198.80558959515437,190.64101702544937,148.48021047754378,272.7501336462233,1.5645142762196729
4.1,11.7991,0.0659,-0.0719,175.64726429234983,213.8314521819911,536.5745693462452,199.35059715362775,192.02336387009967,148.75975813582787,273.51481613621104,1.5698648029654378
4.12,11.7917,0.0658,-0.0713,175.76616959578166,213.97620646442988,536.708552365473,199.39711460812836,191.96977681629835,148.9289072515278,273.79643103086784,1.570404192236036
4.14,11.9005,0.066,-0.0706,176.12855394023467,214.41737001419875,538.8630591966903,199.7371414182566,192.05235516654017,149.3645224012717,274.2589038351882,1.5666415790398744
4.16,12.1385,0.0623,-0.0698,175.14137359055383,213.21558524067424,543.2296618190327,197.88904433515194,185.9918715208363,149.27533004052046,272.58166205047826,1.5426570528886872
4.18,12.4178,0.0587,-0.069,174.1447543320042,212.00230962157036,548.2482352912498,196.0842850580976,180.01262073420915,149.22590551632803,270.8546141069492,1.5169607124248434
4.2,12.628,0.0566,-0.0683,173.62745774175758,211.3725572508353,552.0488985172578,195.09978547755318,176.47557379953423,149.3334395130252,269.9341538127203,1.5000534833544643
4.22,12.8232,0.0616,-0.0677,176.01168293018745,214.27509226283692,555.5659772037337,198.48839933094735,183.57057723085765,150.91811334756284,273.28039174178787,1.5115596151978705
4.24,12.8816,0.0669,-0.0638,178.29121405256404,217.05017362920842,556.8209635966767,201.79748004813604,191.27175762960442,152.25499573719463,276.56835656729623,1.528949716807451
4.26,12.6973,0.0703,-0.0464,179.54643443933645,218.57826801310526,554.1378661454222,203.68752347611465,196.71815661666895,152.76554802650583,278.65833667165464,1.5490449039056622
4.28,12.4764,0.0727,-0.029,180.35193064403427,219.55887208838953,550.8081477881404,204.93672093208355,200.81964129119476,153.00421838894357,280.1725372533938,1.5671662057185136
4.3,12.2556,0.0744,-0.0136,180.87653572799903,220.19752175582494,547.4231993125967,205.77331598667533,203.93145612926293,153.1026777522129,281.31016934589894,1.5830169596648807
4.32,12.2248,0.0745,-0.0119,181.03991656169435,220.3964201620627,547.1605227510591,205.9074328359081,204.23196145666634,153.26185901289185,281.6845633969676,1.585272941611539
4.34,12.1544,0.0768,-0.0109,181.91093756069955,221.45679355215597,546.2111272424431,207.19825744052653,207.8133180148596,153.71865528744448,283.11875748862553,1.5966039687931568
4.36,12.0846,0.0775,-0.01,182.22795566818735,221.84272863953245,545.2649438521548,207.611875145299,209.08886260545063,153.9035213227732,283.7707169187539,1.6026279763884042
4.38,12.0164,0.0775,-0.0088,182.3088739001125,221.94123779144132,544.3422770285048,207.64807982780388,209.35452450950729,153.97392379933532,284.08758642623724,1.6063157367132086
4.4,11.9323,0.0779,-0.0078,182.5026620843086,222.177153841767,543.1355676020427,207.88048788950894,210.2426481030575,154.07903707588196,284.59083563682424,1.6120655213514905
4.42,11.8639,0.0787,-0.0063,182.8462303080835,222.59541080984079,542.198171329846,208.34083686604453,211.6601520104577,154.27653401480092,285.28411359400167,1.6183862231686672
4.44,11.8123,0.0791,-0.0049,182.83157892087831,222.57757433846058,541.5482124993372,209.03636300648466,213.07467668755774,154.43833123851343,285.7892342396144,1.6202727720750483
4.46,11.7689,0.0801,-0.0033,183.33391572370377,223.18911479407416,541.0396179690715,209.50459768440317,214.53683485382808,154.71070965528386,286.5742386058653,1.6267135441881992
4.48,11.6673,0.0818,-0.0019,184.03316735846442,224.04037765378277,539.4997002826556,210.1739333066942,217.0379547634276,154.9798969066742,287.6647206979798,1.6386315117286645
4.5,11.4798,0.0826,-0.0006,184.32649398437758,224.39747093750313,536.4171573032131,210.24263729274054,218.4822248007384,154.93544652407428,288.31911851899366,1.6520201941091455
4.52,11.1448,0.0815,0.001,183.8054508473004,223.7631575532353,530.6277031254972,209.12173753708444,217.64906154353216,154.29462512585806,288.07701175656456,1.6671128826414523
4.54,10.803,0.0804,0.0022,182.8844101244417,222.64189058627684,524.5900180881391,208.64244237248815,217.8334317343427,153.61937445329113,287.82360000715255,1.6794311950874863
4.56,10.3433,0.0801,0.004,182.21013301963038,221.82103150215875,516.1876386204111,208.01529490347139,219.02566823897877,152.79968592706152,287.9112036766494,1.7033689227249227
4.58,9.8265,0.077,0.0047,180.4904202533091,219.7274681344633,506.4058595579655,205.79104900576502,216.30718685447175,151.3639984919794,286.6462517187307,1.722536936257532
4.6,9.6207,0.0715,0.0056,178.48406175639622,217.28494474691715,502.5530113783288,202.58571672033005,208.7342513733227,150.1597935466123,284.1665807477781,1.7161733925606943
4.62,9.6551,0.0639,0.0073,176.05569266777277,214.32866933467992,503.4689248266928,198.3378781439352,196.87445661299782,149.02181179735405,280.36028121457105,1.6869275957844891
4.64,9.737,0.0609,-0.0018,175.2277808954559,213.32077674229416,505.2358578966741,196.72768868517485,191.96051118350076,148.7874433919477,278.93524857354936,1.6714070367873146
4.66,9.7533,0.0606,-0.0491,175.25748788620464,213.35694177451,505.380310333551,196.62774994504386,191.55200876414386,148.94027918384015,279.06319051263347,1.6710055155099242
4.68,9.6207,0.062,-0.064,175.697115721316,213.89214087812385,502.8268613642333,197.37212531150266,194.24610914430042,149.10645370052515,280.1680486139811,1.6850818769366385
4.7,9.3069,0.0639,-0.0677,175.97811981532706,214.23423281865902,496.6574349721585,198.14843624455327,198.3200563582786,148.94486172554082,281.50413747325075,1.7116581302410026
4.72,8.7455,0.0661,-0.0679,175.79412321986848,214.01023696331814,485.1583151407943,198.69599749530983,203.83238889879635,148.20655367698058,282.91923634371005,1.7555365072926392
4.74,8.0491,0.0666,-0.0674,174.54376050376547,212.48805626545362,470.1716070532913,197.96526304340983,207.39075916646382,146.7101555400845,283.32562523858024,1.804752415244726
4.76,7.2688,0.0679,-0.0669,173.05885399035648,210.68034398826006,452.33756732744007,197.44597729156905,212.99207207749959,144.9734181535952,284.12680598228314,1.867869690915879
4.78,6.7716,0.0693,-0.0662,172.32533504585913,209.7873644036546,440.400906458786,196.97744951805376,217.18435944882737,143.91272060698404,285.0345131445063,1.9162370774246984
4.8,7.2094,0.0674,-0.0647,173.02330182589736,210.6370630923968,451.31232954373166,197.18471449143982,212.4960811628623,145.0504672096854,284.4382699953035,1.8718879975896028
4.82,8.6812,0.0625,-0.0621,175.13688484932644,213.21012068613652,484.845414440623,196.86275579404023,198.501553528895,148.2239650956023,282.3452907886372,1.7487506598713218
4.84,10.2065,0.0562,-0.0626,175.47493644986494,213.62166176505298,516.0669941417257,195.41387172461992,183.97366437945035,150.56055697333528,279.098203830758,1.6325789885584017
4.86,11.0465,0.0517,-0.0668,174.8831718434409,212.90125267897153,532.1208616183665,193.63263204997838,174.78431313425554,151.40728689572666,276.53643824922113,1.5708644280957682
4.88,11.6366,0.0481,-0.0704,174.03162150702784,211.8645827042078,543.0257275243995,192.10047637099515,167.99260010757695,151.8083060160479,274.3443013379461,1.526803088885395
4.9,11.8015,0.0424,-0.0729,171.55285652181306,208.8469557656855,546.1624078833808,188.47102064021112,158.76066904871112,150.70326369963442,270.1899931932716,1.4930468147985052
4.92,11.8003,0.0449,-0.0728,172.93456151515144,210.5290314097496,546.3621633439369,190.31398417851585,162.79231100326425,151.5909123870348,272.4902449436993,1.5054675872858894
4.94,11.6983,0.0522,-0.0722,176.38530080579807,214.72993141575418,544.7717915925076,195.16107338402193,174.44734000795995,153.47945317959588,278.1467227545304,1.5433824969518555
4.96,11.6188,0.0578,-0.0718,178.85460985794057,217.73604678357984,543.5712767017333,198.69104273129477,183.25765214737177,154.80499276190565,282.1301059777932,1.570864059009307
4.98,11.4648,0.0632,-0.0716,180.99723618696933,220.34446144500615,541.0175178080412,201.84530163971368,191.82858176336512,155.83172254941317,285.6875477872492,1.5998778293058833
5.0,11.1184,0.0661,-0.0713,181.7186260978603,221.22267524956905,534.9117088616227,203.33864760910123,197.3232852081819,155.8971930528976,287.584893428157,1.6275281524894873
5.02,10.8639,0.0675,-0.0709,182.2164324245735,221.82870034295902,530.4008629829921,203.59373903273251,199.76210620292107,155.8215854441534,288.6114660778186,1.6480110954013394
5.04,10.7907,0.0668,-0.0704,182.01877404759054,221.5880727535885,529.2412854637327,203.15113894710436,198.9271054877772,155.7073464648611,288.496260661624,1.6499851236198513
5.06,10.945,0.0655,-0.0699,181.78006288338779,221.2974678580373,532.3399749687675,202.88499073808987,196.86124567861268,155.943316000137,288.07886801391453,1.6365892435151816
5.08,11.0968,0.0663,-0.0693,182.39046671907855,222.04056817974782,535.3695773458843,203.6995038101433,197.79566038600075,156.58207181714752,288.85141324267613,1.6319281549420521
5.1,11.1257,0.0669,-0.0688,182.81114354706077,222.55269649207398,536.1155491113224,204.1461771502078,198.63830681672553,156.92922769970818,289.48310859826273,1.633322725383334
5.12,11.2877,0.065,-0.0683,182.31055757785768,221.94328748608763,539.3047130294799,203.57316368610384,195.7266345195737,157.05141974356266,288.7174759162159,1.6173554059940694
5.14,11.6802,0.0595,-0.0678,180.9068593100062,220.23443742087713,546.6253308126967,200.6400862791882,186.24204595052365,156.84234193288364,285.7720578068846,1.5792306874845143
5.16,12.0567,0.0541,-0.0671,179.13535670327664,218.07782555181504,553.5243154892064,197.87318127279178,177.34692063584464,156.49004323948745,282.6030631957145,1.540081440815151
5.18,12.3378,0.0489,-0.0663,177.1474925996298,215.6578170778102,558.6501951393982,194.96284637705563,168.9561327600764,155.86634950520778,279.23541315739874,1.5053968353191491
5.2,12.569,0.0515,-0.0672,178.69925603761217,217.54692039361484,562.8434393445826,197.04576890040724,172.5788135144913,157.1252772912364,281.4351685080375,1.506892642655105
5.22,12.5937,0.0546,-0.0673,180.2650379497066,219.4530896779037,563.480037161267,199.14140592695492,177.26278974891653,158.10270254842223,283.86155071825806,1.5192893627692332
5.24,12.4472,0.0585,-0.0524,181.97486774753682,221.53462160569703,561.281770287387,201.46681706420205,183.40774500986095,158.91181130095478,286.6713977391101,1.5417763041175367
5.26,12.2429,0.0638,-0.0376,184.10392640304053,224.12651909935371,558.0570677592337,204.46266866826844,191.6995669026002,159.84804009502193,290.1657713801822,1.5716591110881055
5.28,12.0387,0.067,-0.0227,185.28647616378692,225.56614489504494,554.7969674770192,206.14228870579794,196.8849192060729,160.27940567102198,292.26186488647534,1.593137474585134
5.3,11.9224,0.0708,-0.0233,186.52296772202973,227.07143896594926,552.9442726484356,208.54300520917062,203.18033665004978,160.9591412317854,294.6259291911851,1.6107521718847204
5.32,11.8273,0.0749,-0.0244,188.20679385555613,229.1213142589379,551.4512149735614,210.4482225362191,208.98280600054704,161.69581359827777,297.0553566625654,1.6315519319330798
5.34,11.7313,0.077,-0.0237,189.07166404742574,230.1741997099096,549.945099434274,211.33877528127584,212.02457992013592,162.04620586401143,298.3902643159736,1.644720934939605
5.36,11.6329,0.0779,-0.0224,189.46916922835484,230.6581190606059,548.3896577791355,211.63961327283417,213.4410013993915,162.17440557977358,299.10550611498667,1.6536686799330327
5.38,11.4951,0.0782,-0.0209,189.37349453649844,230.54164552269378,546.1097553650524,211.96885577746622,214.6803928416568,162.11578092914314,299.510700885383,1.660431767190905
5.4,11.3286,0.078,-0.0194,189.2194335419907,230.35409300764087,543.2832228169904,211.72016474453864,214.90875458795588,161.90807869588065,299.65986476646316,1.668593102545859
5.42,11.1889,0.0773,-0.0179,188.92710937090297,229.99822010370798,540.9218901423374,211.2410946561366,214.34735631748927,161.66421849438333,299.56145809366416,1.6738671226943298
5.44,11.0429,0.0765,-0.0159,188.58630176774437,229.58332389116705,538.4247894135269,210.69501497216024,213.65640733611684,161.38463647855366,299.4063995936082,1.6791969498351604
5.46,10.9036,0.0757,-0.0142,188.24901517885598,229.1727141307812,536.0266244297143,210.15204541629475,212.94265563887404,161.11367457198693,299.2471174557619,1.684261353178083
5.48,10.732,0.0753,-0.0126,187.99360485684875,228.86177982572895,532.992152504521,209.76917853960663,212.90100817411977,160.83879729189866,299.28270503012817,1.6924690752150067
5.5,10.5876,0.0742,-0.0106,187.53280047446268,228.30080057760674,530.4471724421232,209.0458452364485,211.75782415786708,160.49186302477085,298.95617289066575,1.6969590115895277
5.52,10.4277,0.0735,-0.0086,187.1778970512821,227.86874423634345,527.5770113978941,208.50653865600796,211.24023782697148,160.1761622054579,298.82869020280526,1.7037405783169222
5.54,10.3142,0.0729,-0.0072,186.92546755759597,227.561438765769,525.5748213427944,208.08534108775376,210.73153175970955,159.9759292137585,298.75950253678167,1.7084246980291538
5.56,10.1989,0.0729,-0.0057,186.87340946838782,227.49806370064604,523.5210919511559,207.98269007733242,211.11460615970216,159.8772538532426,299.00713452692014,1.7153548356976063
5.58,10.0066,0.0729,-0.0045,186.68413470843421,227.267642253746,519.9220768115601,207.75492223036682,211.73584181755106,159.59885705900413,299.23673454999846,1.726756978591848
5.6,9.8308,0.0726,-0.0029,186.40946356193678,226.93325998844477,516.609461774291,207.38402247788272,211.8685128430929,159.29591174942445,299.3079445522445,1.7363630920796904
5.62,9.6567,0.0728,-0.0016,186.29761627047614,226.79709806840575,513.2870186564139,207.27987685324572,212.7509644008583,159.08043201252306,299.6455657356317,1.7478132379422422
5.64,9.4236,0.0735,0.0001,186.22772554163728,226.71201370286278,508.7115020573336,207.33915288345526,214.58805102065898,158.8043843687942,300.2340380693145,1.7647728306237864
5.66,9.1242,0.0732,0.0016,185.66459932253375,226.02646874047585,502.66518810292376,206.73236896053584,215.17094079610692,158.1696892123166,300.2715560354446,1.7827800854668168
5.68,8.7886,0.0716,0.0034,184.55750355849003,224.67869998424874,495.7104979220449,205.33640206769317,213.92490371851477,157.18419592792816,299.5943253015422,1.799176338526783
5.7,8.4548,0.0687,0.0054,182.97191323752867,222.74841611525233,488.6219080203246,203.18872875444765,210.64899634469418,155.9269998550298,298.1680014921947,1.8114269791706363
5.72,8.1767,0.064,0.007,180.83040273750797,220.14135985435755,482.6030027486971,200.0516002904608,204.2438712202198,154.41806216211023,295.6224588854248,1.813349842618525
5.74,8.0033,0.0604,0.0086,179.2526100165862,218.22056871584408,478.84976742784795,197.6552954994926,199.0733364337748,153.35295357464696,293.61852829619227,1.8118276517446417
5.76,8.0389,0.0571,0.0106,178.22760602344226,216.97273776766883,479.84628945210056,195.78423463111727,193.5873586682937,152.88482644384018,291.7479363716879,1.7960836507186568
5.78,8.2794,0.055,0.0128,178.0749817237382,216.78693427237695,485.4644837311426,195.01068470865587,189.40713861942274,153.20597459951114,290.64833523616653,1.7707250578837863
5.8,8.6857,0.0545,-0.0012,178.83162083766265,217.70806015019804,494.4661201142007,195.51945143425087,187.4538829330021,154.29775588376583,290.66031426580037,1.7421594757302554
5.82,9.0183,0.0554,-0.0035,179.96339472141165,219.08587183476203,501.76609325456275,196.75819485125234,188.03318163277515,155.49473082787165,291.61473358658935,1.725203253197919
5.84,9.28,0.0562,-0.0043,180.89240515702775,220.21684106072942,507.44533191622736,197.78954763458577,188.65332334525104,156.47163379904072,292.47434819094116,1.7128323919940296
5.86,9.5098,0.0566,-0.0106,181.57802889629016,221.05151343896196,512.3290719534356,198.50227921686738,188.73524351543315,157.26562428372827,293.050493148421,1.7012369586966158
5.88,9.601,0.0563,-0.0121,181.7347382963973,221.24229009996193,514.3618638126958,198.54199725366573,188.07003873134406,157.5616383667002,293.1213499550393,1.6950817206596012
5.9,9.6955,0.0598,-0.0106,183.43293383369684,223.3096585801527,516.4774041454938,200.900553885509,193.35387458784814,158.72560490748194,295.70392411375934,1.7043693128654682
5.92,10.0609,0.0619,-0.0078,184.98577507650606,225.2000740061813,524.0303522858098,202.83272153748428,195.68125773925755,160.1818426316925,297.36951473496583,1.6919765681307608
5.94,10.9862,0.061,-0.0054,186.1768152836612,226.6500359975006,542.1478047148213,203.7296955760495,191.95198067091124,162.17909445418974,297.2506931757248,1.6393791279201348
5.96,12.2319,0.0576,-0.0017,186.19829711063727,226.67618778686276,565.0745215319578,203.7599030232477,184.5221681342467,164.07804551043424,295.52854594824106,1.5642450368608374
5.98,13.3556,0.0569,-0.0118,186.97224442391703,227.6183845160729,584.4920599027158,204.95925990956601,181.5865608014952,166.15392325355822,295.50147892276885,1.5122003040065326
6.0,14.1765,0.0581,-0.0596,188.1913307563203,229.10248961638993,597.842102620997,206.80771366609574,182.0910124017622,168.03371486133568,296.6856422997139,1.484395079675891
6.02,14.8662,0.0585,-0.0694,188.8950140419601,229.95914752934277,608.9451773026503,207.9887976270312,181.68488463257427,169.44017071247754,297.3049979151071,1.4595919893297755
6.04,15.3137,0.0591,-0.0717,189.5193232530754,230.71917613417878,616.0841849559249,208.97423062643762,181.94235403673488,170.46663656540812,298.01496047902896,1.4455376441164198
6.06,15.5,0.0661,-0.0713,192.843099531133,234.76551247268364,619.1473536770142,213.3095709098551,191.35229398773612,172.51612642876077,302.6634468085758,1.4649822189913937
6.08,15.4508,0.0741,-0.0706,196.24888378342314,238.91168460590646,618.6006728404129,217.70047789912266,202.26622572632448,174.23960149019882,307.4411282150456,1.4947553045312845
6.1,15.3994,0.0799,-0.0703,198.59353946932987,241.76604804961897,618.0150672327093,220.74516408870855,210.09702132274194,175.4088280823592,310.7182863864217,1.5158570672544218
6.12,15.3732,0.0831,-0.0697,199.89865724203858,243.35488707726438,617.8164736996824,222.41893285226897,214.39571705202115,176.09850104717157,312.56335073454756,1.5272215595356209
6.14,15.3244,0.0839,-0.069,200.29164354408786,243.833305184107,617.2690167062101,222.84806903421642,215.5883041126716,176.31777388372242,313.2039611055664,1.5319345710770744
6.16,15.2414,0.0782,-0.0681,198.24635912819878,241.34339372128548,616.191521704826,219.952142774171,208.31560999572824,175.3125478518783,310.5953413786592,1.517676730300222
6.18,15.2895,0.0725,-0.0674,196.17130351132562,238.817239057266,617.1375920070099,217.10556692441048,200.6983261389422,174.450936989684,307.81394487603933,1.4975446075787064
6.2,15.3735,0.0686,-0.0665,194.7449729328499,237.0808366139042,618.6366493701787,215.1809005565937,195.36736206230867,173.94537689996037,305.87156576671555,1.4814153293569146
6.22,15.3564,0.0723,-0.0656,196.38801573369634,239.081062632326,618.5762425581307,217.25412799811735,200.43200248381905,174.83392379081994,308.21604481962913,1.495176765781325
6.24,15.2666,0.0771,-0.0636,198.3626942353298,241.48501906909715,617.3986348435229,219.760977660906,207.03560891735023,175.77760683696172,311.0414150044037,1.5148235553817662
6.26,15.0205,0.0813,-0.0437,199.9259381084072,243.38809856675658,613.8960024828615,221.70239501437982,213.0703482928997,176.29725693804042,313.40960142881255,1.5376895414636476
6.28,14.7383,0.0841,-0.0239,200.87960982566017,244.54909022254282,609.7828847145388,222.84423782685337,217.33062801500174,176.4676474997624,315.00216263544513,1.55744303052163
6.3,14.4561,0.085,-0.007,201.11546446171187,244.83621760556227,605.5972024739102,223.02152387933552,219.11672034885152,176.2883574538528,315.6470633807748,1.5715559050807382
6.32,14.5127,0.0864,-0.0044,201.78797588560488,245.65492716508422,606.7098358466753,223.86307634907195,220.88193912701212,176.78261540340327,316.5810386057264,1.5739214569250857
6.34,14.5044,0.0893,-0.0022,202.9194879348595,247.03242009461158,606.7817795027338,225.3363934055581,224.72250997139528,177.40884742057372,318.1955675083348,1.583269788236664
6.36,14.5685,0.0924,-0.0005,204.15700697360325,248.5389650113431,608.0057459271701,226.97161723513167,228.63772347256807,178.18100800119592,319.87553976235154,1.5901040698078688
6.38,14.6053,0.0936,0.002,204.72218603759336,249.2270090892441,608.7978988135734,227.66306454145683,230.14455834977144,178.59256572647314,320.6731700138275,1.5924600790286485
6.4,14.562,0.0943,0.0038,205.0493717196739,249.62532209351605,608.3083581270986,228.0141074189401,231.1800219665427,178.78214934369862,321.2311440863309,1.5965880499995213
6.42,14.37,0.0957,0.006,205.38072939833174,250.028714050143,605.4341250717933,228.6433854625197,233.65729223786138,178.8142091488872,322.0696857326418,1.6079100904359065
6.44,13.9974,0.0964,0.0081,205.5052926179859,250.18035623059154,599.5887370424385,228.33376399472982,235.1330405152915,178.40101039852627,322.56604164804577,1.6266557861788757
6.46,13.5518,0.096,0.0097,205.17034524257167,249.77259420834812,592.4191457353686,227.39978959155675,235.38824254050638,177.6636339625384,322.56750901018154,1.645926281825386
6.48,13.2589,0.0911,0.0119,203.39957559470014,247.61687463702626,587.6918474466366,224.79663454437454,229.76656673714209,176.48864923673872,320.57686415122544,1.6451129993740305
6.5,13.2358,0.0861,0.0139,201.74490007413252,245.60248704677002,587.4940982487614,222.59729547872695,223.48052639529763,175.77011058737466,318.4770895868778,1.6309472991784064
6.52,13.338,0.0827,0.0168,200.70264528441655,244.33365512885493,589.4218854131306,221.3055982477482,218.98216422260757,175.52730086184602,317.07776233259546,1.6155806315005372
6.54,13.4715,0.0788,0.0115,199.43477604741625,242.79016214468064,591.8094760362153,219.7884717944984,213.75768017070814,175.2249766083146,315.3602941925813,1.5969405290638707
6.56,13.4111,0.0774,-0.0107,198.97332030726983,242.22838993928505,590.8165219647535,219.0539715188347,212.0579996078744,174.99976432458564,314.8589104204944,1.5958094760072623
6.58,13.0314,0.0768,-0.0182,198.60866355361242,241.78445997831076,584.4898364197637,218.10255499190467,211.85314649104674,174.31241410186178,314.7159828071717,1.6120460973663513
6.6,12.6352,0.0745,-0.0212,197.53603958093274,240.47865688113552,577.7841461815052,216.27528640123955,209.41551923380914,173.24784176923325,313.6435741516141,1.6234888416638928
6.62,12.5614,0.0726,-0.0221,196.8475811395273,239.6405335611637,576.6578286559753,215.25616346436337,207.00938366205082,172.8763410677812,312.8178083486276,1.620751363982942
6.64,12.5813,0.0654,-0.0195,193.97397770785383,236.14223373130034,577.1983877633919,211.68455669487238,197.19945400066018,171.56708670998546,308.83844392524935,1.5930195113474181
6.66,12.3319,0.0607,-0.0204,192.02979577831118,233.77540355620494,572.961517439347,208.45061325516386,190.65655741884774,170.15967181038653,306.04612650282775,1.588623267351884
6.68,12.0644,0.0564,-0.0409,189.98499241112324,231.28607771788916,568.191880062244,205.5381397035211,184.88821359303208,168.73247234310338,303.3176107182811,1.5849234641665595
6.7,11.9117,0.0523,-0.0532,188.06158445461992,228.9445375969286,565.50342591677,202.83321985615612,179.07449617519353,167.5106708528064,300.55510279297,1.5756772915404413
6.72,11.9664,0.0494,-0.0568,186.83950240237792,227.45678553332962,566.6356660217746,201.14879989966826,174.64398838804158,166.9677381445103,298.56961964460186,1.5607993690128037
6.74,12.025,0.0541,-0.0568,189.244144659302,230.38417610697635,567.8632100931326,204.26670368961535,181.6788694424697,168.48952249927197,302.35627297361907,1.57884874405877
6.76,11.9705,0.0609,-0.0565,192.2726615649311,234.07106625295958,567.0453158390479,208.38189640532954,191.94069798619347,170.1823081727211,307.2660294924215,1.609089245656607
6.78,11.9282,0.0664,-0.0559,194.76058603183262,237.09984386483973,566.4477402957583,211.2841357603025,199.7385961494055,171.46141989868352,310.96346909921937,1.6337710253979822
6.8,11.8657,0.071,-0.0552,196.5140851577492,239.23453845291206,565.4801116644541,213.90141593292518,206.634547719617,172.4280783172976,313.90473486873,1.652992677499931
6.82,11.8368,0.0741,-0.0542,197.76523597723076,240.75767858097657,565.1245212752426,215.56091164085305,211.09182529369156,173.12131051463098,315.88245390018875,1.665607387312637
6.84,11.8513,0.0754,-0.0531,198.3838077285111,241.51072245210048,565.5617458836676,216.32704402486345,212.90942789052062,173.54317705660094,316.83495725873627,1.669739791916866
6.86,11.8844,0.0759,-0.0521,198.73028993632636,241.932526879006,566.3370960791059,216.70519710344246,213.5656466132439,173.84920943782546,317.3481853425666,1.6702254473674787
6.88,11.9394,0.0763,-0.0509,199.06719323764278,242.3426700284347,567.5114203595064,217.06683126517513,214.0321289121682,174.18166026150743,317.80995054923284,1.6692898393364535
6.9,11.9976,0.0768,-0.0498,199.4434337367712,242.80070194041713,568.7402834029228,217.48406671675525,214.62881716156267,174.53898335995103,318.32506202446956,1.6685374031422309
6.92,12.0246,0.0769,-0.0486,199.63525533921057,243.0342238912129,569.401990251521,217.64474197982278,214.74138595675964,174.75490543840525,318.617440245334,1.6679819739259913
6.94,12.0295,0.0766,-0.0474,199.65417376332417,243.05725501622072,569.6626327821723,217.56425217041613,214.35076847521896,174.84869477085368,318.6891468397094,1.6671758243470423
6.96,12.0522,0.0767,-0.0461,199.8401816014538,243.28369934090028,570.2460289986533,217.71778941260305,214.47310228649204,175.05509615404034,318.9797998372229,1.6668295391934522
6.98,12.0574,0.0765,-0.0448,199.8951331155336,243.3505968363018,570.5120802587379,217.68876277613336,214.21995925552844,175.16771222487625,319.1041417358158,1.6663371490928156
7.0,12.0521,0.0758,-0.0436,199.75340088728817,243.17805325408995,570.5868498117527,217.38502287041672,213.29890193804977,175.16230632280798,318.95280101681107,1.664681349090967
7.02,12.0916,0.0752,-0.0422,199.70072205887192,243.11392250645278,571.4735970388919,217.20517650696792,212.417958676378,175.26826360948286,318.8612497658084,1.6611600318593622
7.04,12.1479,0.0751,-0.0408,199.85150162320974,243.29748023695097,572.6619401425775,217.31080075217713,212.1938979510416,175.5049261745726,319.0466133029057,1.6585123637510535
7.06,12.2311,0.0761,-0.0392,200.44066190721585,244.01471884356712,574.3324832748597,218.02754009608978,213.43062973554404,176.0092493923734,319.84133903715934,1.658276426920882
7.08,12.4079,0.0775,-0.0377,201.2817603995256,245.0386648342051,577.6669819403703,219.09592068183028,215.00930211883653,176.7794030140959,320.8638263602757,1.6548982013156326
7.1,12.6126,0.0792,-0.0361,202.25469675734385,246.22310909589686,581.4678947566357,220.35050500957053,216.92376201559352,177.65510828307995,322.03890809123305,1.6512361566756946
7.12,12.7977,0.0801,-0.0344,202.90658484094996,247.01671198028694,584.8922508809077,221.16246042784593,217.78593737188746,178.33465967545052,322.77671485934053,1.645967436603963
7.14,12.9852,0.0763,-0.0324,201.8895164455911,245.77854175985007,588.3325927328452,219.49807510778786,212.1652866419352,178.12794890025955,321.005972576797,1.6259663027054467
7.16,13.2228,0.0725,-0.0307,200.6553087621111,244.27602805822224,592.6024427236763,218.155138820875,206.82679123142947,177.97634003477057,319.14973215243424,1.6017764180101024
7.18,13.4436,0.0687,-0.0286,199.49945008203196,242.86889575203892,596.5465309016935,216.44883203994888,201.14684179998144,177.7436406896274,317.18645340689505,1.5796313755298559
7.2,13.5121,0.0688,-0.0268,199.71594887636212,243.13245950165825,597.8842879261972,216.67634179091306,201.2081845857272,178.03286790834912,317.48171896427795,1.577395547157338
7.22,13.5423,0.0716,-0.0233,200.99594534210078,244.69071606864443,598.5840166532442,218.28929650453563,205.0287707161041,178.81858532929368,319.3617381394739,1.5862745606119824
7.24,13.4357,0.0756,-0.0065,202.55711217966828,246.59126700133532,597.0616701761787,220.34835866372208,210.7471961453862,179.56096733022184,321.83299903346483,1.6043096644185761
7.26,13.2861,0.0793,0.0103,204.0346228189449,248.38997560567205,594.7958616229561,221.91446111458745,215.81623353954376,180.12214930973934,324.03757726841326,1.6240257864525252
7.28,13.1366,0.0828,0.0271,205.22110975334974,249.83439448233884,592.5138895056122,223.58635698893076,220.9269018165241,180.6127532266402,326.0616426887921,1.6414154076347716
7.3,12.9917,0.0852,0.0377,206.03745286150135,250.82820348356688,590.2483665748539,224.59100750105114,224.42670242460323,180.89058617877498,327.47542513117594,1.6556445800129467
7.32,12.9156,0.0867,0.0402,206.5928167217253,251.50429861775254,589.1046545637328,225.25141437174787,226.59529113554535,181.13734134356636,328.4322454436509,1.6640862296313483
7.34,12.7808,0.0872,0.0429,206.7306895620081,251.67214381461858,586.9297860720744,225.33439808819963,227.5737303854339,181.08753351708697,328.8792937096368,1.6721939681268077
7.36,12.5221,0.0862,0.0444,206.20298441268108,251.02972015456828,582.5373963418463,224.49456294553144,226.85055768934234,180.5188136019197,328.5629567043618,1.681668435114626
7.38,12.3176,0.085,0.0468,205.66121471077113,250.37017443050402,579.0638164804192,223.63907301723347,225.73814648092886,180.0176219638924,328.1499696375619,1.6881248070577097
7.4,12.2276,0.0836,0.0495,205.18559915398677,249.79116418746216,577.6216635204078,222.8726987767708,224.09628872817578,179.7150707820093,327.6487546662353,1.68850360715717
7.42,12.2543,0.0822,0.0513,204.84880620573395,249.38115538089355,578.2704309040321,222.2979543973834,222.19035372603363,179.65446475174556,327.158806125482,1.6832133443667314
7.44,12.3794,0.0819,0.053,205.01353043100738,249.58168922035682,580.6820006199763,222.42467987484662,221.5487133357886,179.9974716361989,327.25070613928466,1.676659955151141
7.46,12.6078,0.0819,0.0537,205.39937914862108,250.0514180939735,584.904854701749,222.86937703888978,221.0992951041444,180.6066934643992,327.51735415459643,1.6662678101756243
7.48,12.8305,0.0824,0.0533,205.94561936714533,250.71640618608998,588.9763562577228,223.54382953961093,221.33957038276665,181.28902006552116,328.04120587595065,1.6579300731190154
7.5,13.0096,0.0829,0.0555,206.437273847424,251.31494207512486,592.2706759699801,224.14411682096184,221.67076991514077,181.877463226733,328.5548611518348,1.6516867494109866
7.52,13.3147,0.0834,0.0546,207.05095087195673,252.06202714846907,597.680371861715,224.94186800833762,221.75842945050357,182.7119212919969,329.0898653088644,1.639972715330046
7.54,13.7276,0.085,0.0567,208.2346468167514,253.50304829865388,604.85573940593,226.28947656247863,222.88951560067065,183.94265583577365,330.2002261851129,1.6279745397149834
7.56,13.978,0.087,0.057,209.27940415438601,254.77492679664385,609.2014202735701,227.72712086580256,225.07707858816426,184.9145416411812,331.4664414107459,1.6235976966101417
7.58,14.053,0.0896,0.0565,210.40135290233178,256.140777446317,610.6020863281085,229.09016632347232,228.2525144948205,185.64624513094958,332.9734428607316,1.6287951754274796
7.6,14.1498,0.0916,0.0581,211.30996348750048,257.24691207173976,612.3734735456703,230.21389097986065,230.62188418415235,186.30708437780612,334.1700764821259,1.631041197574454
7.62,14.314,0.0925,0.0585,211.87049406313554,257.9292971203389,615.2365465078373,230.97139847203636,231.51699137202763,186.90488600733482,334.84623484784396,1.6270562316855741
7.64,14.5137,0.0939,0.0589,212.62845637534653,258.85203384824797,618.6590563680597,232.00592692795544,232.969717261778,187.6484896867893,335.7577611952041,1.623097078809469
7.66,14.6745,0.0956,0.0581,213.45738717684625,259.8611669978998,621.419432702349,233.09009262561747,234.8380214265506,188.36340957985757,336.79197030918056,1.6217289007327176
7.68,14.7241,0.0971,0.0591,214.13386409357335,260.6847041139154,622.3870383863268,233.88182980797245,236.61594767448423,188.83547257684873,337.70544012440104,1.6243964541195934
7.7,14.6725,0.0965,0.0587,214.01097038137613,260.5350943773275,621.7116902465895,233.5936337052645,235.99359428502913,188.77940139165656,337.64676266340183,1.6252735395233011
7.72,14.5026,0.0958,0.0596,213.76722343778127,260.23835896773375,619.1215061513069,233.04703109059096,235.42520756446885,188.48507852495808,337.51971682265923,1.6308455124967771
7.74,14.2878,0.0953,0.0604,213.41840214243766,259.81370695601106,615.7717647097206,232.727487243586,235.49294982508326,188.13410556573322,337.47378250660944,1.637871649974843
7.76,14.0988,0.0955,0.0602,213.4225769265837,259.818789301928,612.8080958669192,232.58333399585362,236.1479603704479,187.9411547564713,337.75295480555536,1.6467900598338454
7.78,14.0457,0.0957,0.0604,213.5547530127092,259.97969931981993,612.0843423691052,232.65063880921682,236.5355150440882,188.0061645872188,338.0554691281622,1.650017107510924
7.8,14.0637,0.0953,0.0617,213.55737572903521,259.982892191869,612.5480651243683,232.56199464939382,236.02694084864146,188.10969306609996,338.0941871163707,1.6485227236385644
7.82,14.0189,0.0954,0.0617,213.66383907194177,260.1124997397552,611.9584413713858,232.59657602793266,236.27194117805868,188.17356919969507,338.35144516888784,1.6511255720687614
7.84,13.9323,0.0962,0.0608,213.95895694396296,260.47177367091143,610.6623622069516,232.87543650197887,237.48004324093304,188.26973231669356,338.92238000721244,1.6575058158447094
7.86,13.8986,0.0967,0.0609,214.2062498904982,260.77282595365,610.2533311524151,233.10377625931142,238.20419424321656,188.41849053851246,339.3634661995148,1.6607674380287263
7.88,13.928,0.0969,0.0618,214.41912045805404,261.03197273154404,610.9052188411375,233.30053243039538,238.42389048793547,188.6413805666322,339.67826320999603,1.6604657450757236
7.9,13.8815,0.0976,0.0617,214.71712399613924,261.39475964747385,610.2791781017313,233.59447250484746,239.4221958561082,188.79623551928785,340.20595802764456,1.6648305864958763
7.92,13.7971,0.0974,0.0617,214.68067003480286,261.35038091193394,609.0141664164678,233.42744600917803,239.37132330094,188.7310090408038,340.3175300489018,1.6683412403084559
7.94,13.7258,0.0957,0.0632,214.16539034957793,260.72308390383404,607.9746786405763,232.61538933033742,237.4094611832755,188.44691731343605,339.74312187254105,1.6670772491667443
7.96,13.6628,0.0948,0.0625,213.91697762844814,260.42066841724125,607.0554330739441,232.16691284431354,236.43135698596,188.30613357004435,339.5305361598319,1.6677164485257465
7.98,13.5167,0.0941,0.0636,213.64498324297432,260.089544817534,604.7303550592083,231.66817813996047,235.86784577341635,188.0303449270162,339.3919842593173,1.6725537095871488
8.0,13.4563,0.0923,0.0628,213.09229130854106,259.4167024625717,603.8425750703808,230.8102355608922,233.7340589755977,187.73873003798488,338.7441416679528,1.670491200656857
8.02,13.559,0.0911,0.064,212.90876487779636,259.1932789816651,605.7537962589014,230.49358826736136,232.0313979104299,187.87072261827856,338.4010830155178,1.6628463272126142
8.04,13.7853,0.0908,0.0636,213.14988724883963,259.486819259457,609.7360245909854,230.78967364439362,231.2425807437373,188.39790362648043,338.51068068492197,1.652490510496072
8.06,14.0494,0.0913,0.064,213.6927277612891,260.14766857896063,614.3175154573843,231.51021899170368,231.40766142685644,189.13014656934192,339.01302917450084,1.643003740718538
8.08,14.3126,0.0915,0.0645,214.11932934011145,260.66700963144,618.8355669489341,232.08632268296336,231.20417845020046,189.80148281741577,339.36878146272136,1.6328810174008803
8.1,14.5995,0.0918,0.0644,214.66470998034296,261.33095128041754,623.6882357997896,232.61595162573235,230.92403275140788,190.5273251106669,339.7755426985769,1.622909344590156
8.12,14.7643,0.0927,0.0649,215.2186356336079,262.00529555395747,626.5196792888123,233.36681092952855,231.81732436204555,191.12111440968542,340.4473604930737,1.6190702378825212
8.14,14.8968,0.094,0.0651,215.8894443074447,262.8219322003675,628.8121269973877,234.22896414544817,233.24126476599574,191.71955379876556,341.29917533806486,1.6177963871025758
8.16,15.0673,0.0906,0.0656,214.88704317778323,261.60161778164917,631.7035278135747,233.1005145785161,228.87206099368908,191.57835077124895,339.9080840047717,1.6011181870733109
8.18,15.3236,0.0854,0.0664,213.19181180118304,259.5378578449185,635.9389299177792,231.2640333666915,222.1376799758132,191.23448071601376,337.55732326915165,1.5752015600542
8.2,15.5003,0.0802,0.0672,211.50284414263442,257.4817233040767,638.8849409075285,228.94992610974123,215.12401215040097,190.6836785555408,335.04708569279995,1.5532720901491637
8.22,15.4851,0.0815,0.0669,212.1145062883576,258.22635548147883,638.7980363104556,229.62511833285373,216.84153347614625,191.04069432619977,335.9527327148804,1.5583485601021394
8.24,15.3531,0.0867,0.0663,214.05268134135378,260.5858729373003,636.8654226743274,232.07994036350607,223.79703202665203,191.91698322923682,338.8517037527849,1.5792941318423184
8.26,15.1624,0.0911,0.0645,215.70400629292598,262.5961815739969,633.977545985993,233.7745933932761,229.49514425226891,192.49031632491898,341.21709342135813,1.6007943130496793
8.28,14.9725,0.0938,0.0621,216.67233044941173,263.77501098189254,631.0729028482809,234.67580084269215,233.08587851995242,192.73716853358079,342.6927981205462,1.6169804290927536
8.3,14.7827,0.0952,0.0597,217.053193286659,264.23867008810663,628.1439460231209,235.15341569920503,235.31296855076604,192.7493585059965,343.5306522106587,1.6285718537714868
8.32,14.6395,0.0965,0.0607,217.48461579531528,264.7638800986447,625.9724842730723,235.55948132387877,237.20388098238854,192.82513933858576,344.3217063648645,1.6384488103570216
8.34,14.7453,0.0996,0.0634,218.7300381932821,266.2800464961695,627.8614156494402,237.1479789338166,240.8462033473997,193.66165120650797,345.96846680373375,1.6430231264284147
8.36,14.947,0.1017,0.0644,219.714227803096,267.4781903689864,631.2790200003537,238.43707694169845,243.06302471674667,194.50671008799338,347.1533554511422,1.6409066400190202
8.38,15.1911,0.1024,0.0649,220.26752185443772,268.1517657358372,635.3441103308467,239.18382218370095,243.49631073583254,195.20161417637738,347.7148564549774,1.6334140317055645
8.4,15.466,0.1041,0.0667,221.16526691669907,269.2446727681554,639.8668754587992,240.3996446794743,245.07872315856815,196.1039348486515,348.7164275423385,1.6274805492121023
8.42,15.8005,0.1073,0.0675,222.58245728304723,270.96994799675315,645.2661844568337,242.32368449715494,248.33105642216282,197.33447333161945,350.3578419031947,1.6232873800387735
8.44,16.1077,0.1101,0.0678,223.89489535395296,272.56769869176884,650.1762363560242,243.8992211472282,250.9577343713899,198.4367928478169,351.79429639938724,1.6197123717033437
8.46,16.4322,0.1127,0.0676,225.05765337516468,273.9832301958526,655.2924742615892,245.53770520643616,253.4966215340794,199.52469312375877,353.12682903391914,1.6144351429878885
8.48,16.6733,0.1146,0.0686,225.931180614828,275.0466546615298,659.1028860000223,246.74582791925732,255.33798338665292,200.35274567899503,354.1447972082256,1.6105938601779577
8.5,16.824,0.1168,0.068,226.83706024322646,276.1494646439279,661.518802708679,247.90860830164226,257.6394652306508,201.06100715939746,355.25662834212574,1.610889324179218
8.52,16.9155,0.1193,0.0682,227.79283220442608,277.31301311843174,663.0440348588337,249.07849890886396,260.3486885398606,201.7038575359301,356.4622453430972,1.6140230274386533
8.54,16.9246,0.1194,0.0687,227.9463838844683,277.4999455984832,663.3371353758786,249.19105084059075,260.47217317490015,201.86504443196355,356.71403363556874,1.6143170911651104
8.56,16.8159,0.1295,0.0679,230.90319737451378,281.09954462984285,661.8574334187668,253.0528161912929,272.24795934336146,203.17375963096174,360.6957429196894,1.6413519201375395
8.58,16.6269,0.1313,0.069,231.375394145601,281.67439287290557,659.1699650523337,253.4960337416959,274.6354875345137,203.20766536677584,361.5267667339605,1.6525476255524874
8.6,16.3238,0.1338,0.0684,231.9235043424554,282.3416574603805,654.7087291099938,254.00578840700555,278.0258254353978,203.118982371083,362.57848976260266,1.6695547285276977
8.62,15.9203,0.1321,0.0666,231.20048231165813,281.461456727236,648.6272344668683,252.79838787398518,276.9356414762344,202.30413348307363,362.1219907186066,1.6814545058725512
8.64,14.8254,0.1301,0.0661,229.63939554033075,279.56100326648965,631.3832254806059,250.30590576523971,276.93325623961016,200.11451168998767,361.42586435519587,1.7206912896990498
8.66,14.0344,0.1263,0.0654,227.7889689952131,277.30831008112904,618.457778404874,247.56244947932635,274.30543582674534,198.18016677111558,360.10027427262844,1.7458678181738037
8.68,13.4631,0.1086,0.0643,222.148369105302,270.4414928238459,608.8673324169162,239.66863350572683,254.67744409392014,194.66912302965108,353.1984562372167,1.7287924970744148
8.7,12.478,0.1011,0.0607,218.6884706543934,266.2294425357833,591.5912601104068,234.7453637071185,247.607461947483,191.53290621376152,349.9348930276813,1.7555683549815642
8.72,12.2375,0.0897,0.0514,214.79074593745528,261.4843863586412,587.280393987638,229.32470560137082,233.7291532760663,189.23040901695128,344.6849885031639,1.7355270688424684
8.74,12.683,0.0816,0.0544,212.60752919554358,258.82655728153134,595.5008429332886,226.4573690332701,222.38838060337775,188.8392432459185,340.75772589850345,1.689266199054526
8.76,13.5604,0.081,0.0534,213.40827770795747,259.8013815575134,611.0173125260237,227.82522012789707,220.12139504257172,190.6713586300609,340.7965293004136,1.6473989990451432
8.78,14.6452,0.0776,0.0521,213.09087963944677,259.41498390889177,629.3505418265937,228.0933645715474,214.08810289555,192.2330008287805,339.2907634570699,1.5904114333066433
8.8,15.652,0.0776,0.0534,213.84545707436519,260.3335999166185,645.6696411743294,229.77175611385425,212.71418646329226,194.20507983091053,339.65320112626006,1.55082918542038
8.82,16.5925,0.0844,0.0587,217.17350061216624,264.38513118002845,660.3852743013217,234.56959935362838,220.0342874078031,197.33849681701173,343.72820730132526,1.5374392133681478
8.84,16.8077,0.0979,0.0421,222.38152675302473,270.7253369167258,663.6830573287891,241.16610078638138,236.29211943969517,200.28098080746346,350.6571427389392,1.5689415111674538
8.86,16.3946,0.1128,0.0608,227.2686282780088,276.6748518167064,657.677840548422,246.7699222651258,254.35214804830758,202.0519153912186,357.313525589544,1.623345407655436
8.88,16.2172,0.1277,0.039,231.70257157848096,282.07269583467246,654.9595826621651,252.31407375178932,271.6898934135718,203.95154408468042,363.30123471147226,1.6658203159793625
8.9,15.9279,0.132,0.0323,232.7563256927721,283.3555269303312,650.5770774862765,253.4859764492874,277.07314274377615,204.11113988259248,365.0278590286317,1.6868313255143985
8.92,15.6746,0.137,0.0337,233.97542886074618,284.8396525261258,646.761652574456,254.92836914577518,283.142469986096,204.39739232758865,366.96123704202455,1.7077823213337802
8.94,15.4634,0.1379,0.0328,234.10614314083597,284.9987829540612,643.5584606091197,254.94284733027624,284.5781903194535,204.23652189244913,367.44501446077646,1.7183838624987806
8.96,15.3734,0.134,0.0361,233.08796230539812,283.75925845874553,642.2904963455422,253.44438194936478,280.4350873539655,203.70609216328924,366.268359356625,1.7139283495768887
8.98,15.3273,0.1284,0.0382,231.6224707001218,281.9751817218874,641.7105185827946,251.36862358228538,274.25543184241695,203.0236336227509,364.43876608793937,1.7037704083304512
9.0,15.2874,0.1243,0.0412,230.5409132943757,280.6585031409791,641.2339172514972,249.82011459471747,269.70051243602023,202.52674691628036,363.1018200958052,1.6963879807846285
9.02,15.2384,0.1203,0.0446,229.45008956193703,279.33054381453206,640.6125591434896,248.26556208063857,265.2371410679579,202.00892461786714,361.7556246104434,1.6893559590759903
9.04,15.1344,0.1185,0.0492,228.9318652684096,278.69966206589,639.1121838231625,247.4468835272107,263.3758094907065,201.68159148361647,361.2314017648916,1.6895701570562092
9.06,15.0777,0.1171,0.05,228.57201445302545,278.26158281237883,638.3427853825016,246.85622654144532,261.8823869605934,201.49762813906426,360.86541817742483,1.6888749557781548
9.08,15.0343,0.1164,0.0542,228.4326659298963,278.0919411320477,637.8090019515886,246.5615094803357,261.16753196185374,201.43724301500706,360.7777770371824,1.6892592350222355
9.1,15.0145,0.1163,0.0549,228.4938446369205,278.1664195579902,637.6321179532283,246.53909632687592,261.1058076031382,201.5078699424302,360.9348115545478,1.6901985894595568
9.12,15.0004,0.1174,0.0571,228.918789620765,278.68374388614876,637.5571917910495,246.9958145894307,262.42037585346446,201.76119852432953,361.5750568193287,1.693783054044837
9.14,14.8799,0.115,0.0584,228.19120807291176,277.79799243658823,635.7457643903838,245.89745033029234,259.8790059809156,201.3043631131551,360.7838612710299,1.6932469347067138
9.16,14.7399,0.1089,0.0592,226.29005775282354,275.4835485686547,633.6005285415629,243.26470812981736,253.0079555115218,200.2448207521842,358.4097324293186,1.6841397214044667
9.18,14.4797,0.1028,0.0616,224.1986388208236,272.93747334708956,629.4642851156317,240.34131073793364,246.22815917853487,198.8991348629739,355.88335771694886,1.6794191115288073
9.2,14.224,0.0967,0.0649,222.03377697160585,270.3019893567376,625.3602471089798,237.33703681715502,239.3015712480773,197.5042145294029,353.21234842995455,1.6739292029511945
9.22,13.996,0.0957,0.067,221.5761728076353,269.74490602668646,621.6678908390901,236.540747642656,238.48752486435836,196.99412594065006,352.8869998143938,1.6813116962540577
9.24,13.8526,0.099,0.0661,222.63674908133072,271.03604235988087,619.3583261307149,237.74766798758685,242.79740887669132,197.37532516345752,354.61301498022783,1.6971981942261716
9.26,13.835,0.1023,0.0663,223.7977831095889,272.4494750899343,619.1921706848993,239.15687845492022,246.8526027744386,197.99597168794529,356.319354745593,1.707337188584114
9.28,13.8174,0.1045,0.0665,224.58581448768402,273.40881763718056,619.0253964163694,240.0856600661353,249.5530870786939,198.4285706637879,357.4980407329972,1.7143660546973336
9.3,13.7998,0.1064,0.0667,225.26876143211229,274.24023130865845,618.8580041242326,240.879723900311,251.87945776571775,198.8080290964086,358.52827508622636,1.7205228381570308
9.32,13.7935,0.109,0.0684,226.1714141782027,275.3391129125946,618.8941016270181,241.96958399630864,255.00374687814787,199.31269935784383,359.84959406781434,1.7278813441530987
9.34,13.8972,0.1131,0.0707,227.63841397898466,277.12502571354656,620.8118873595851,243.84518831375624,259.6593680785097,200.25952564354307,361.7972952551083,1.7339921641031621
9.36,13.9675,0.116,0.0724,228.6862687774148,278.4006750333745,622.1509646462094,245.15811345569583,262.92719540809316,200.9461139960687,363.20010213104877,1.738405652824719
9.38,14.1449,0.1185,0.0739,229.73189000672994,279.67360522558425,625.2939444609826,246.50187140258336,265.49471765784165,201.78794526576533,364.43904355115785,1.7370816491431567
9.4,14.3044,0.1204,0.0752,230.57402438447977,280.69881229414926,628.1137747307655,247.57086681054292,267.38628521717675,202.5009167869093,365.4205955311169,1.7351025791982397
9.42,14.4174,0.1224,0.0755,231.38402836692734,281.68490409886806,630.1351280863194,248.58244903848504,269.470740756129,203.12788759592289,366.42237182499605,1.7353661965191165
9.44,14.4682,0.1239,0.0763,231.9759379555548,282.40548968502327,631.1185876402266,249.28484304693197,271.09330752583213,203.5563450770502,367.2095836279871,1.7370727475044554
9.46,14.4509,0.1246,0.0751,232.2607088069694,282.75216724326714,630.9546445481517,249.55778997681463,271.9346130987415,203.73630311434826,367.67218891387677,1.7398361581680999
9.48,14.4365,0.1244,0.0761,232.29686162531755,282.7961793699518,630.8537983514208,249.5022124580584,271.74507435240105,203.7995159406171,367.78916628551445,1.7403613258998591
9.5,14.4492,0.1243,0.0766,232.39216730768163,282.9122036789168,631.2004479589183,249.53382123687808,271.61688290729415,203.93116324674875,367.9492469320993,1.7399731613213452
9.52,14.4663,0.1244,0.0735,232.54686290731962,283.10052875673694,631.5948857186843,249.64516518547055,271.7103167258012,204.0988048021593,368.1867861451055,1.7399235354848623
9.54,14.3606,0.125,0.0735,232.69919492406333,283.2859764292945,629.9626645537243,249.71395195021853,272.6061886902244,204.08385752754103,368.5928216148983,1.7462022635301693
9.56,14.2685,0.1253,0.0751,232.7814903211304,283.3861621300718,628.5611536200862,249.6958716177176,273.1345342745373,204.0541980222896,368.88554795345533,1.751209310014418
9.58,14.1332,0.125,0.0756,232.64127692819483,283.2154675647589,626.4158076640107,249.37057460357283,273.0687562890208,203.85229177357098,368.9396323330717,1.7567627663473921
9.6,13.941,0.1246,0.0753,232.39747252367584,282.91866220273585,623.2817541341296,248.89417994951933,273.0041815149836,203.514589761902,368.94318952337693,1.7646642565884467
9.62,13.6671,0.1236,0.076,231.8737851745825,282.28112977775265,618.7184593857766,248.02926038006723,272.42153731231576,202.91559399021375,368.6968736047001,1.7749442949955065
9.64,13.4471,0.1228,0.0759,231.46430364525003,281.78263052465223,615.0294883922351,247.3346069828733,271.9609278474386,202.44974135155874,368.535123209152,1.7834719571713626
9.66,13.2495,0.1211,0.0763,230.8274563987734,281.0073382245937,611.6980059711382,246.34180234345936,270.4179333079124,201.90131824126618,368.02047643256907,1.7889880025111538
9.68,13.1043,0.1199,0.0783,230.3963278202218,280.48248604200916,609.2743708990372,245.6363086855182,269.3357180972866,201.53048757933954,367.70672852501264,1.7932908225317241
9.7,12.9424,0.1188,0.0775,229.96213173453185,279.95389950290837,606.5130205711523,244.92586302010722,268.40261479835846,201.13157919899962,367.42444861745867,1.7987381356607122
9.72,12.7887,0.1177,0.0778,229.53461337523672,279.4334423698534,603.8837505701767,244.2274800477363,267.44821144466107,200.7458115048304,367.1392158200818,1.8038476541953916
9.74,12.6458,0.1159,0.0776,228.9196759762959,278.6848229276646,601.4246222250398,243.27862829989147,265.6478392759885,200.27945765910147,366.5645147873239,1.8068015929526826
9.76,12.4922,0.1146,0.0786,228.42401102150717,278.0814047218348,598.7600098821455,242.49150656169314,264.4469607524605,199.85416400568903,366.1842725750797,1.8115218797886061
9.78,12.2967,0.1132,0.0798,227.82815623576158,277.3560162870141,595.3024918521446,241.5680757765948,263.21079626088857,199.31080042860054,365.7463128609376,1.8181524910340792
9.8,12.1243,0.1128,0.0797,227.54443825778,277.0106204877322,592.228068792516,241.07254648926832,263.109098285619,198.9605113107756,365.72882853314763,1.8262720760371842
9.82,11.9939,0.1117,0.0799,227.12292972175965,276.4974796612726,589.9141315343579,240.3935123605986,262.0853437542465,198.60196034212444,365.4224133294027,1.8305821339587656
9.84,11.8899,0.1105,0.0813,226.71224127979937,275.99751112323406,588.0898699397826,239.73053032666812,260.87976171877045,198.28743301917936,365.0740217495633,1.83329136101246
9.86,11.8172,0.1093,0.081,226.34836497318253,275.5545312717005,586.8331728111054,239.13191921256367,259.60291481194804,198.0446793402219,364.72694073788614,1.8344209840197023
9.88,11.7194,0.1086,0.0823,226.08543841262542,275.2344467631962,585.1062566507275,238.67133525029269,258.9751461231868,197.81376249417266,364.58688282083364,1.8381283580338863
9.9,11.6651,0.1073,0.0818,225.7173276759591,274.7863119533415,584.1851619901429,238.06800515354163,257.5294101398711,197.59507838364502,364.19031989060045,1.8380393318112025
9.92,11.6574,0.106,0.0831,225.42539182624694,274.43091178847453,584.1653823424367,237.56902982801972,255.97665855818008,197.48726681015324,363.7975948524977,1.8354154510034317
9.94,11.688,0.1049,0.0836,225.25222927620453,274.2201052058142,584.8695314765383,237.23354863426073,254.58230973306556,197.50140642067475,363.49680809820006,1.831278993086746
9.96,11.7566,0.1051,0.0838,225.52672699701873,274.55427634419675,586.2928129945594,237.50537288673596,254.6863647168632,197.80966862336658,363.7875282234347,1.8285925621997112
9.98,11.8627,0.1055,0.0837,225.92030481902214,275.0334145622878,588.4184675042834,237.94133819944417,254.95587922404852,198.23872621585716,364.17620034489505,1.8245029538699835
10.0,11.9917,0.106,0.084,226.37773848696406,275.5902903319563,590.9669169378332,238.46743463554418,255.29987941592944,198.7362261137529,364.6139121295254,1.8195297089863376
10.02,12.1661,0.1067,0.0843,226.9614831232348,276.300935976112,594.3457889335533,239.17164458414555,255.79384280736943,199.36939702962547,365.14956172223236,1.812832197478839
10.04,12.3587,0.1078,0.0845,227.68527123807996,277.18206933331476,598.0318619915349,240.069767313897,256.731420957059,200.10191002004592,365.8637844110411,1.806378884240502
10.06,12.5242,0.1087,0.0845,228.30145594560904,277.9322072381328,601.1882722134329,240.82332049049992,257.48300990815267,200.73500492010317,366.47996325217525,1.8008737463156475
10.08,12.6566,0.1092,0.0851,228.74538477316335,278.47264233254674,603.7246376614665,241.34420323949504,257.8239486387227,201.22687641286277,366.9115298165486,1.796035111508891
10.1,12.7428,0.1096,0.086,229.09050094648632,278.8927837609399,605.41326739581,241.7247317614283,258.1366888015758,201.59584728444963,367.2885545191169,1.7932340517011671
10.12,12.7408,0.1098,0.0864,229.2492766574264,279.08607593078,605.4986838508003,241.8362737082181,258.38343425856317,201.7327107310536,367.5591045764259,1.7942256374999037
10.14,12.7137,0.1101,0.0861,229.40124062862148,279.27107554788705,605.1237587284984,241.9319494222357,258.79684807502593,201.82728780890923,367.8674162182328,1.79670704537786
10.16,12.7561,0.1054,0.0871,228.14111007686395,277.7370035718344,606.0174954803272,240.1970958390302,253.14330840389812,201.30447265602277,365.9784011480098,1.7828188321834677
10.18,12.8683,0.1008,0.0864,226.94788274134066,276.2843789894582,608.1555089898919,238.59988345083354,247.426417029247,200.92315032826298,364.066123157433,1.7654509383523567
10.2,13.0511,0.0961,0.087,225.7426281962205,274.8171125867032,611.5553944056002,237.0550171829216,241.41601422238938,200.64479444894175,362.03072326367857,1.7440326598951164
10.22,13.3438,0.0962,0.0876,226.22487717362483,275.4041982983259,616.868461100145,237.7419772809339,241.0620186982233,201.41367537069354,362.31862529997824,1.7309766218146772
10.24,13.6952,0.102,0.0875,228.6475034564146,278.35348246867864,623.1272639551503,240.92010792185764,247.47455884941613,203.2641891029399,365.337516988968,1.731301582897274
10.26,13.9121,0.1093,0.0846,231.31308944360742,281.59854367047865,626.9690815304715,244.33570052000866,255.7300113664616,205.0080006640495,368.8601721858363,1.741187477661107
10.28,14.0821,0.1158,0.0818,233.58598148732577,284.3655426802227,629.9787203773606,247.23790390562013,262.96377764910574,206.46565979060188,371.85726014528285,1.7503454018510625
10.3,14.2522,0.1229,0.0789,235.9576928947333,287.25284352402315,632.9689645256635,250.2782733565476,270.73542532429235,207.9593122677959,374.96267962447286,1.76028395898402
10.32,14.425,0.127,0.0789,237.42513172388843,289.039290794299,636.0050529108217,252.15854330589676,275.01937085368445,209.00138594195414,376.7841798311613,1.7626207718720792
10.34,14.5865,0.1317,0.0817,239.02015621200457,290.9810597363534,638.8516467441586,254.20147823922133,279.9304781787067,210.08212900708415,378.785059390024,1.7665600147241942
10.36,14.6716,0.1342,0.0823,239.9035502900143,292.0564960052348,640.3962251703175,255.28884010092614,282.52047984317244,210.6997647302619,379.91420656219424,1.7687895372043472
10.38,14.7065,0.1356,0.084,240.4258052947669,292.69228470667275,641.1106065429426,255.88603084500227,283.9865843280947,211.0666341895877,380.6194825566249,1.7706912368196754
10.4,14.6752,0.1362,0.084,240.65174268031816,292.96733891516993,640.7123676828472,256.0701951201057,284.70012607139654,211.19220832404275,381.0175113372193,1.7736840733384145
10.42,14.6617,0.1365,0.0836,240.81871734968644,293.17061242570526,640.6067279170779,256.1847408639873,285.0540419769832,211.31562095098508,381.309211609757,1.7752845117348133
10.44,14.6954,0.1359,0.0845,240.80451985086586,293.15332851409755,641.2954735104977,256.08298795240296,284.3418376788258,211.42089152933795,381.2823075502175,1.7729276503683022
10.46,14.7319,0.1349,0.087,240.6858674418058,293.00888210306795,642.0410776604313,255.8484371427354,283.1882040903469,211.4793100682372,381.1078899269358,1.7695565134390714
10.48,14.6716,0.1355,0.0864,240.877010787359,293.2415783498284,641.1554515084425,255.97391641612805,283.95395881426344,211.54461663642266,381.50057919146747,1.7737911326774451
10.5,14.6049,0.1342,0.087,240.55085946143203,292.84452456174336,640.1682066255663,255.4261128199973,282.6608579989864,211.34875973789846,381.1937441093305,1.7741748032359888
10.52,14.6223,0.1335,0.0864,240.48608404400224,292.76566753182885,640.5751802740537,255.2536344014853,281.8687551751132,211.40507222002356,381.1214729251532,1.772293399271716
10.54,14.7009,0.1339,0.0871,240.79231879019835,293.13847504893715,642.0107035810481,255.58914938056384,282.1668610475059,211.73264639625086,381.46812087440185,1.7701897432562654
10.56,14.8577,0.1353,0.0869,241.4594554697212,293.95064144139974,644.731101969599,256.42693465650916,283.4136939516576,212.35140442834495,382.1975352408333,1.7669967685054244
10.58,15.064,0.138,0.0863,242.52699790855124,295.2502583234537,648.2452303435762,257.8049525033175,285.9713533273397,213.2348608083049,383.4031430845219,1.7645762000056562
10.6,15.1039,0.141,0.0861,243.4699454650144,296.398194479148,649.01897866554,258.94406664978953,289.12385925305335,213.80943729125124,384.6678439937756,1.7696258659525521
10.62,15.4583,0.1427,0.085,244.42573992524007,297.56177034377055,654.8957260830932,260.25036835753855,290.3158940923589,214.85077161981422,385.5175661055219,1.7590947362932132
10.64,15.4356,0.1417,0.0842,244.24064233028045,297.336434141211,654.6455362213286,259.90632925005093,289.2939935388424,214.79228563125724,385.34447970338186,1.7583172927627435
10.66,15.209,0.1389,0.083,243.3452164780287,296.2463504949915,651.0788490173837,258.5478944062741,286.6980189883327,214.0923293343757,384.4865614992224,1.762052989196491
10.68,14.7623,0.135,0.085,241.881712985239,294.46469406898666,643.8570584225818,256.3546373291072,283.2750056905626,212.78279728161866,383.16286510659984,1.7726353026922839
10.7,14.2646,0.1303,0.0859,240.09604828953206,292.2908413959521,635.6214990188034,253.73112549729152,279.0289241331594,211.22255021413176,381.48559737894084,1.7840645628279903
10.72,13.919,0.1274,0.0877,238.95643183296593,290.90348223143684,629.8387111844618,252.0161774864093,276.4492197538991,210.19413453532746,380.48168933152164,1.7931887340992387
10.74,13.6899,0.1242,0.0872,237.86384259721103,289.57337359660477,625.9806595242064,250.413847040296,273.3018979694853,209.35857103747904,379.35779130485747,1.796594020316272
10.76,13.5056,0.1203,0.0887,236.6145211514655,288.0524605322189,622.882403597627,248.6302220576406,269.25014978578986,208.5055793521008,377.9275867753211,1.796247830562965
10.78,13.3273,0.1167,0.0891,235.4345047289293,286.6159188004357,619.8538495058194,246.94117135241598,265.48296115242175,207.69000300580996,376.5777057922743,1.7962481443346505
10.8,13.1082,0.1141,0.0897,234.47112779493784,285.4431120981852,616.0697430437722,245.5156204597847,262.896949711063,206.9143142510072,375.60634318598517,1.8005697280034534
10.82,12.9069,0.1128,0.0896,233.90256997664753,284.7509547541796,612.560287818496,244.60768685784635,261.7615653256409,206.36356264328379,375.1798606286108,1.8073730016422134
10.84,12.8353,0.1131,0.091,233.98727174582282,284.8540699514365,611.3861897199756,244.59545360194568,262.23973460961315,206.34969301332265,375.46936400616596,1.811948640442588
10.86,12.8607,0.1132,0.0912,234.1515709704148,285.0540863987659,611.9598997119365,244.72348360689264,262.3124733750697,206.5293942966563,375.69316567997265,1.8113372060864192
10.88,12.8915,0.1136,0.0924,234.41235090323465,285.37155762132915,612.6383809163676,244.97829550184258,262.72083502238064,206.76677531395367,376.04714392763674,1.81119323048682
10.9,12.877,0.1139,0.0925,234.57757480233607,285.57269975936566,612.4879639852654,245.09183499780923,263.09546511325726,206.88412872834957,376.347791876144,1.813018804734456
10.92,12.7607,0.1138,0.095,234.47800453114434,285.45148377704527,610.505215320612,244.825227833671,263.190806569946,206.7042718384234,376.45411458537774,1.8187703093957734
10.94,12.6672,0.1141,0.094,234.5236696404291,285.50707608400063,608.9004944177777,244.7557017886334,263.7095234968212,206.63570076474542,376.7368552838283,1.8245162626528042
10.96,12.5826,0.1149,0.0939,234.72511449790554,285.75231330179804,607.4577256614384,244.89288998189232,264.7876686328814,206.66106145849233,377.23478310223675,1.8310740422542573
10.98,12.624,0.1144,0.0936,234.74056280726978,285.771119939285,608.3255470309915,244.83169475872936,264.13761773322057,206.7887935982528,377.20408584364395,1.8281655099502683
11.0,12.7636,0.1138,0.0924,234.87072321488972,285.9295760876918,610.979506886095,244.95657211969078,263.1965526748915,207.130920841666,377.15059776987556,1.8201919024614746
11.02,12.8191,0.1132,0.0934,234.87351904309435,285.93297970463664,612.1076526198541,244.88907109301883,262.4079771029565,207.27410321340682,377.0768583621217,1.8163342339943735
11.04,12.7162,0.1147,0.0946,235.25885939354438,286.4020896964888,610.3505625933915,245.2513181311563,264.318658834082,207.36451842944322,377.8734856194894,1.825463822518143
11.06,12.4449,0.1167,0.0951,235.51402532824844,286.7127264865633,605.4711233077453,245.3963096547732,267.1101628125756,207.12255394674966,378.8366174720756,1.8442642740491686
11.08,12.233,0.1187,0.0965,235.83153466240253,287.0992595890118,601.6433671859546,245.65965976345024,269.7950261650115,207.00652481841652,379.7997305354583,1.8602398673955898
11.1,12.1447,0.1188,0.0972,235.8091573832205,287.07201768392065,600.098878583242,245.51315801986473,270.07630653784133,206.90885320341158,379.994288127378,1.8653952753735132
11.12,12.2874,0.1182,0.0962,235.97540800469469,287.27440974484574,602.8733296180689,245.66487086384336,269.11690292281264,207.27381641589065,379.95008194038496,1.857020242233246
11.14,12.5649,0.115,0.0959,235.6020593489603,286.8198983378647,608.1275765103828,245.1673097760896,264.9406113290506,207.57198002645274,378.8316057255322,1.83557113202277
11.16,12.7278,0.1094,0.0923,234.28281053803184,285.2138563071692,611.1986858383331,243.44865986538545,258.19264985851754,207.20078103534559,376.5877798853034,1.8138373158948242
11.18,12.7966,0.1038,0.0753,232.73389058565672,283.32821462601686,612.4332102011293,241.42927395401836,251.54083916647934,206.562102961126,374.2085340870429,1.7965013303326502
11.2,12.7509,0.0982,0.0759,230.95942008473634,281.1679896683747,611.7116909171958,239.09373241300094,244.96884012951392,205.6096849972188,371.6784751930455,1.7837948523069045
11.22,12.6865,0.0946,0.082,229.76827180574315,279.7178961113395,610.6874304284156,237.48972353354262,240.73925465086302,204.92550980625552,370.0313544954249,1.777008098061925
11.24,12.5776,0.0941,0.0855,229.54993790539334,279.45209831960926,608.8194974242082,237.06578513775145,240.30827185255316,204.68257711431622,369.91956930704583,1.7812578596595623
11.26,12.402,0.0946,0.087,229.57391310900078,279.48128552400095,605.6860433903666,236.9023887437862,241.19737925178612,204.45948784381824,370.30250906994274,1.7918393063838487
11.28,12.2264,0.0958,0.0884,229.8197528537807,279.7805686915591,602.5221904437136,237.02281815935964,242.93927435217586,204.3544448619054,371.0372252033993,1.8045516295266524
11.3,12.0507,0.0961,0.0899,229.75437783424417,279.7009817112538,599.326946096644,236.7603191308337,243.59483656557435,204.0823464975081,371.31469142009985,1.8148210911878218
11.32,11.8752,0.0964,0.0916,229.67945262441722,279.609768412334,596.106122944507,236.4914746429985,244.25424483369932,203.80452290139255,371.5910615639371,1.8252133720484542
11.34,11.8367,0.0976,0.0937,230.103050481816,280.12545276047166,595.4904640072778,236.92176051726324,245.77428173303812,204.01861701989918,372.3464702943598,1.8309720971178993
11.36,11.7674,0.0985,0.0955,230.37632993440954,280.45814078971597,594.2788662382637,237.14926142421658,246.9808733691475,204.10150194282068,372.94107559505153,1.8375183030626114
11.38,11.6345,0.0985,0.096,230.25399725423617,280.30921404863534,591.8218703215141,236.84875633679903,247.21272037626517,203.86761922629069,373.07572431806955,1.8450181806138441
11.4,11.4396,0.0982,0.0972,229.9266944509843,279.91075846206786,588.1401947870567,236.26643657161617,247.19224893646089,203.4200637093505,373.04688371587457,1.8551454003791292
11.42,11.2286,0.0973,0.0987,229.3703746242554,279.2334995425718,584.1011044537827,235.39053574901052,246.4752615034384,202.81928793049923,372.7145597992823,1.8646597860971272
11.44,11.0674,0.096,0.0979,228.762278521255,278.4932086345713,580.9893449820437,234.46737777523307,245.18090922311032,202.26993620949503,372.1883177592515,1.8704568617609312
11.46,10.968,0.0944,0.0983,228.16235308799685,277.7628646288657,579.1014152315686,233.57494829773375,243.3987541405105,201.82370469170505,371.51535313798354,1.8718968736484782
11.48,10.8347,0.0927,0.0998,227.46153496850755,276.9096947442701,576.525112616528,232.5440061333145,241.5403310396151,201.26252552266175,370.7686993983989,1.8749708544665806
11.5,10.6515,0.0926,0.0991,227.1776589095267,276.5641064985543,572.8888448163736,232.03758266136637,241.74736137773138,200.84808054702359,370.83317286000124,1.8858079367431342
11.52,10.4201,0.0939,0.0985,227.23427887506068,276.63303515224777,568.2135218571386,231.97149735420635,243.7847257110372,200.54249234561382,371.60881855408184,1.9038521634999646
11.54,10.1497,0.0953,0.0985,227.2089922349146,276.6022514164178,562.6543555444185,231.81606539352052,246.0309775168028,200.12668900333378,372.4154208909111,1.9248796282783482
11.56,9.7918,0.0946,0.0987,226.30174136761372,275.49777209970364,555.1195599669475,230.52525311480412,245.86850018381125,199.06883284040256,372.1228324033371,1.94589349801405
11.58,9.298,0.0925,0.0992,224.5870391074647,273.4103084786527,544.3986482142146,228.21177007885137,244.25020933534293,197.31797979387377,371.0586231930852,1.972795590730877
11.6,8.6343,0.0938,0.0983,223.33574720386522,271.88699659600985,529.3645349956366,226.66790287782356,247.3421672713152,195.54498703948937,371.69102661908573,2.02391985232495
11.62,7.8393,0.0904,0.0978,220.0455148532768,267.88149634311964,510.36359734877834,222.58805888242293,244.88886301137705,192.34594513378295,369.80812919540006,2.0754259283336887
11.64,7.1519,0.0847,0.0977,216.11141123636654,263.09215280948973,492.95902062751935,217.68422321664835,239.1536494758083,188.88773591364196,366.60081099872616,2.1163324643368924
11.66,6.7845,0.0818,0.0998,213.9661541889536,260.4805355343783,483.29036776613685,215.0193292651283,236.22198074060944,187.00667744951912,364.9603212473954,2.1407665202917765
11.68,7.0809,0.0787,0.1031,214.19022651581108,260.7533192366396,491.3211183042787,214.83663893953204,231.20337118643616,187.64870624322108,363.40438588298383,2.103464073388216
11.7,8.3761,0.077,0.0994,217.7204719089516,265.05100928046284,523.7458140733595,218.68411805402786,225.9596938393152,191.9863047784701,362.9819943012477,1.9917425268509903
11.72,10.1721,0.0773,0.0717,221.96148659378295,270.213983679388,563.7524700593736,224.25461849319638,223.12201022499514,197.59034816233293,363.8451698992466,1.871358519930482
11.74,11.4292,0.0777,-0.0068,224.26264944609326,273.0153993256788,588.7908882101334,227.72058054964677,221.79172360749595,201.11514591131345,364.56068661964554,1.8015780220488784
11.76,12.0222,0.0785,-0.0289,225.48219059004614,274.5000581096214,600.2054884557717,229.56806921677835,222.02010178815334,202.85369767541428,365.34043741074083,1.7732232903693683
11.78,12.432,0.0764,-0.0403,225.2649670530512,274.23561206458413,607.9605139134464,229.58917712916397,218.81910435937732,203.47303671698938,364.30174701981593,1.7456835020523682
11.8,12.6175,0.0795,-0.0382,226.79427348625072,276.09737641804435,611.5336915969858,231.499027350245,222.5342564179688,204.67822867580028,366.387655253376,1.7469659504791104
11.82,12.6863,0.084,-0.0359,228.67940948150704,278.3923245861825,612.9275596909212,233.72947754622703,228.08886623442942,205.87371381135225,369.1925791202308,1.7582790230079317
11.84,12.6794,0.0876,-0.0338,230.08326245002405,280.10136298263797,612.9189193547979,235.3296658185363,232.55060208822925,206.67295559827645,371.36947210516684,1.7700753608404334
11.86,12.7589,0.0911,-0.0291,231.52500545816088,281.85652838384806,614.5247747115023,237.05474062484984,236.71387894249733,207.63018813875357,373.4423683704811,1.7768902092256857
11.88,12.9318,0.092,-0.0233,232.15398036660807,282.6222369680446,617.843268160291,237.87576802875344,237.56463432260952,208.3003867009072,374.11662593266806,1.7712639068543625
11.9,13.0903,0.0913,-0.0169,232.19569436636837,282.67301922862237,620.8794237643494,237.9823936045164,236.5064963802615,208.63141095907713,373.93814109471685,1.7617232606875646
11.92,12.9989,0.0905,-0.0101,231.89430889047924,282.30611517101823,619.3738647639592,237.4679835767032,235.6685241757535,208.3660720736423,373.6499015673029,1.7639950699408238
11.94,12.7696,0.0897,-0.0035,231.41779029299343,281.726005574079,615.3290341792494,236.6276436113029,235.01575380842775,207.7764533994931,373.328013716073,1.7730735868061014
11.96,12.6532,0.0879,0.0042,230.71827360967825,280.87442004656486,613.3415808954619,235.61547715917473,232.98288677876235,207.25023002844907,372.47796025488884,1.7736213469181659
11.98,12.6673,0.0863,0.0114,230.24788813609675,280.30177686133516,613.760001362446,234.989487384205,231.00513346600056,207.0638184517113,371.74967356188654,1.7682189106722506
12.0,12.7195,0.0856,0.0194,230.1489534496406,280.1813346343451,614.8881042638991,234.84345255058997,230.0786480280549,207.14250198059602,371.5243460025584,1.7636401076355819
12.02,12.8295,0.0855,0.0265,230.33894801645832,280.41263236786233,617.0692051051286,235.09463185390513,229.81668159465787,207.47542066940116,371.6481135037455,1.7580945216270303
12.04,12.9495,0.086,0.0333,230.7600297899821,280.9252536573695,619.4198279828909,235.63078624901118,230.28100354887593,207.95041424001064,372.1120444961109,1.7539720387526814
12.06,13.0138,0.0866,0.0411,231.15062134213588,281.4007564165133,620.7532808840854,236.0803691660656,230.93804912739174,208.31500529155653,372.6186094531576,1.7528793868972132
12.08,13.0205,0.0872,0.0483,231.47218568321006,281.7922260491253,621.0320565406106,236.39455564499707,231.6675810554313,208.5459126002688,373.11102104083807,1.7545909431525155
12.1,13.0242,0.0885,0.0563,232.04485628213087,282.4893902565072,621.2622054278747,237.00376460518874,233.24964730241226,208.90681102087996,373.9867683271045,1.758543344852608
12.12,12.9715,0.0898,0.0643,232.54447567420112,283.09762255989705,620.4651672765415,237.47628542928072,234.89836937975852,209.1337264795994,374.8417609596399,1.7651938543236607
12.14,12.8736,0.0903,0.0704,232.69547864316942,283.28145226124974,618.8238005139705,237.49509183507104,235.63739138544076,209.09781892560832,375.2479002556672,1.7716946375886429
12.16,12.753,0.0876,0.0769,231.66522375651917,282.0272289209799,616.7587546485111,236.0876802857406,232.52289099034363,208.384483300077,373.899612559389,1.7697209715008015
12.18,12.6142,0.0811,0.0818,229.15603768355922,278.97256761476774,614.3304977791522,232.91894294401635,224.68467769641424,206.82369782265073,370.29478202220935,1.7564850589684862
12.2,12.4619,0.0747,0.087,226.5355333234895,275.78238839381333,611.6343880242243,229.63162371729555,216.78791205776227,205.15192650035317,366.4779035216711,1.7430762810035056
12.22,12.3022,0.07,0.091,224.4851850226236,273.28631220145485,608.7674722975773,227.0185030353882,210.90770741681263,203.76250747068025,363.5108585179573,1.7349355427978181
12.24,12.1977,0.0741,0.0951,226.15007901421362,275.31313966947744,606.923915488562,228.77518215409486,216.34707831148566,204.5690804084306,366.3391032332812,1.7550061422868208
12.26,12.3612,0.0789,0.0985,228.35063911090444,277.9920823958837,610.134205550211,231.44210439620508,222.26758193207803,206.12577245441122,369.529490712271,1.7630937855585938
12.28,12.6082,0.0815,0.0999,229.74715753183008,279.6921917778801,614.8577386462404,233.24722062513865,225.22858179915596,207.36482777756774,371.29770445105385,1.7594001184329224
12.3,12.8549,0.0844,0.1013,231.23213819121378,281.4999943197385,619.5214941212001,235.15595843621503,228.51932549438826,208.64297193033275,373.1963392851877,1.7566896283635505
12.32,13.1017,0.0865,0.1029,232.39414755090544,282.91461440979793,624.1361289489276,236.68612857058565,230.79059547088627,209.7370322110199,374.59724851279896,1.751504104497742
12.34,13.2712,0.0901,0.1007,233.99710975397986,284.86604665701896,627.282418135546,238.6564368458139,234.9421005250362,210.9330648637392,376.7786182196487,1.754655314073816
12.36,13.2664,0.0931,0.0989,235.15249814507195,286.2726064374789,627.2829664085583,239.93666551300564,238.54306744610693,211.59150423251776,378.54042020572837,1.764087866286462
12.38,13.1607,0.0944,0.1013,235.57209491231822,286.78341989325696,625.4933967645923,240.26080602370368,240.23021158548895,211.68642680619783,379.3561265859355,1.773206446757061
12.4,13.0632,0.095,0.1053,235.7513008423175,287.00158363412567,623.855131173413,240.31087303410152,241.0739669176498,211.66607162435835,379.8029007163646,1.7799023432818117
12.42,12.9844,0.0957,0.1059,235.98247354598433,287.2830112733722,622.5236726533492,240.43968946124255,242.01279124800044,211.70546497892468,380.303561915643,1.7860694166822013
12.44,12.8848,0.0967,0.1059,236.28430944652197,287.65046367402675,620.8003348013933,240.63685357122898,243.3333612023429,211.7480756902392,380.9511843614724,1.7941364999303748
12.46,12.7876,0.0968,0.1065,236.2790022651279,287.644002757547,619.1164550367539,240.47080442397794,243.58840332206552,211.62994331589442,381.1358979519409,1.7995572651331178
12.48,12.7107,0.0966,0.108,236.1976329029049,287.5449444035364,617.8062814832613,240.2313072176134,243.46139717803956,211.5041935651492,381.1710653744562,1.8031350780480326
12.5,12.6715,0.0965,0.1083,236.19936680572613,287.5470552417536,617.1805134195048,240.12206812350672,243.40113807443294,211.4860908283494,381.265463376868,1.8051540415755905
12.52,12.5138,0.0966,0.1097,236.10458746159836,287.43167169238063,614.3538140521491,239.8025683720249,243.7408643212118,211.2170507004222,381.43571698224827,1.8137068238817502
12.54,12.282,0.0959,0.1082,235.6252438212244,286.8481229127949,610.0821368332952,238.9645641731941,243.24127096117195,210.61545273175872,381.17643361178995,1.8239737738248107
12.56,11.9859,0.0953,0.1089,235.06987327819525,286.1720196430203,604.5432600530017,237.9935915372489,242.95283081950353,209.86026992190966,380.9503475011863,1.838100970832571
12.58,11.7569,0.0949,0.1096,234.66623807078744,285.68063765139345,600.2219583719798,237.26222165074478,242.81013585383658,209.29762661096126,380.841030939531,1.8495538241727623
12.6,11.4918,0.0953,0.1099,234.45243357672308,285.420353919489,595.1319915996334,236.74769068578286,243.6844829555791,208.77641018006938,381.13817669332724,1.8655634485101122
12.62,11.2189,0.0962,0.1098,234.36225915746599,285.31057636561076,589.8068076846321,236.395579103573,245.18057117742694,208.30931679248044,381.6894566070334,1.8838066595434522
12.64,10.9528,0.0978,0.1095,234.47536493950332,285.4482703611345,584.5343915313438,236.31916827185455,247.5145103528083,207.966439818936,382.5941298961525,1.9040190948729099
12.66,10.6692,0.0985,0.1111,234.23475747697356,285.15535692848954,578.83481683278,235.81433764682873,248.812744429534,207.39610106454987,383.02786404806255,1.9230515847181349
12.68,10.3755,0.0986,0.1098,233.75071905687355,284.56609276488956,572.800454582988,235.01784855926118,249.4276341293416,206.6721990147695,383.15226070241044,1.9415558515111886
12.7,10.0472,0.0983,0.1088,233.03381700438243,283.69334244011776,565.9185837082638,233.93675351881163,249.6381595098529,205.75561047654136,383.0621020123953,1.9616554472207117
12.72,9.6848,0.0964,0.1098,231.70908906564708,282.0806301668747,558.1646123567928,232.09255988686382,247.98935315721172,204.42814522964312,382.1396309377523,1.980090859651153
12.74,9.2098,0.0931,0.1103,229.6195744722242,279.5368732705338,547.6853222731045,229.279090981437,244.82394691182367,202.45559168840452,380.4227938161541,2.0030313412936236
12.76,8.7998,0.0882,0.1105,227.10458747998686,276.4751499756362,538.3737006434707,225.9382610427728,239.4798432911128,200.3190659494355,377.7808947148107,2.017766120244749
12.78,8.4324,0.0832,0.1107,224.57442295318413,273.3949496821372,529.8043057268269,222.5919602110066,233.79235207089224,198.21686780463088,374.9558490851985,2.0296462588412036
12.8,8.2052,0.0772,0.1137,222.01018292109947,270.27326616481673,524.4474033227759,219.1929105704032,226.3606249752666,196.30134314866092,371.3969959679994,2.0274012583869006
12.82,8.4112,0.0695,0.1126,219.88259746234138,267.6831621280678,529.4807446674671,216.37631452194114,215.63293004547566,195.37769380627958,366.57040494025296,1.9844253777636396
12.84,9.0279,0.0641,0.1116,219.32163788181168,267.0002548126403,543.9820077403883,215.80457346855556,207.26362783567447,196.14290653976914,363.0693537031143,1.9191008353605676
12.86,9.8013,0.0642,0.0853,221.0017346902701,269.0455900577201,561.0917377603447,218.24816338018738,206.39809875714516,198.58986010143022,363.5069957655284,1.8683868872509408
12.88,10.3839,0.068,0.0127,223.66305222106337,272.2854548778163,573.0070040110558,221.78080180237524,210.86033243046487,201.2929591119652,366.535205806907,1.8484333795763486
12.9,10.4694,0.0716,0.001,225.34031342524565,274.3273380829078,574.7890868166625,223.7681897370348,215.538737434148,202.48286702543842,369.1688649623465,1.8570197155227253
12.92,10.1689,0.0779,0.0041,227.27918212102742,276.6876999734247,568.5453231570245,225.8263380498492,224.1458409038867,203.13925876246716,373.30419324451697,1.897835056075264
12.94,9.7325,0.0816,0.0081,227.79624821309963,277.3171717376865,559.2223905214342,226.16615561705092,229.5384583560223,202.72632629937246,375.5880003993031,1.9385009156525936
12.96,9.5165,0.0797,0.0141,226.73933040624433,276.0304891902105,554.5909309383014,224.68263843353876,227.43883147019105,201.76404605222726,374.52355255220584,1.9468414287151505
12.98,9.4986,0.0782,0.0249,226.25741816363626,275.4438134166007,554.3781060998288,223.992865149124,225.5220111661219,201.47786044996337,373.7401981694197,1.943079184735634
13.0,9.6404,0.0706,0.0368,223.80977254400398,272.4640709231353,557.7169225614188,220.97187242520206,215.32137975145744,200.2878261571463,368.98978043684133,1.906945888995935
13.02,9.9513,0.0624,0.0551,221.13789372232856,269.21134887935654,564.7617671892068,217.9219073344967,203.80629083544085,199.23915515930878,363.3411962746396,1.8553355416667914
13.04,10.7426,0.0596,0.0554,221.275951032902,269.3794186487503,581.5654144031653,218.77990216328539,199.09199778571724,200.76600970002445,361.5240631773854,1.7958364303384697
13.06,11.9363,0.0549,0.0131,220.61468951999717,268.57440463304005,605.1491333821211,219.41844534243756,191.55516343328426,202.5367194369193,358.1018955849238,1.7110075508245441
13.08,13.2645,0.0502,-0.0192,219.426517787191,267.1279346974499,629.8752572173555,220.0212626067468,184.16132367236654,204.20231988094983,354.3732327353164,1.6253437850566217
13.1,14.1597,0.053,-0.0175,221.6215729338017,269.80017574549777,645.9065976538163,223.69081702512705,187.50408815102244,207.15047042116146,357.1930961635289,1.5969593117356258
13.12,14.7918,0.0624,-0.0243,226.90530846173053,276.23254943167194,656.829011546217,230.15457373073806,199.55121637599402,211.39113854348344,365.1145733515654,1.6078334267499876
13.14,15.3074,0.0702,-0.0246,230.98991863619273,281.2051183397129,665.586684185113,235.19315946551055,209.0975225713586,214.61452967324428,370.9851091638015,1.6150999004465136
13.16,15.5101,0.0704,-0.0232,231.27909180363076,281.5571552392027,669.0525100539202,235.74709642257153,209.20953333318968,215.1631991885014,371.3013165253165,1.6077632935467217
13.18,15.5114,0.0688,-0.0208,230.62145221114568,280.7565505179165,669.1911636110138,235.0020320552364,207.2280135744297,214.8463060457296,370.3357758280258,1.6023169727527744
13.2,15.4791,0.0671,-0.0194,229.88650343648823,279.8618302705074,668.768301792995,234.1272564291134,205.13390594946983,214.42663325304514,369.26913224710165,1.5978061082638104
13.22,15.4045,0.0719,-0.0171,232.15662425965618,282.625455620451,667.6506661699734,236.35364017009488,211.19692350932837,215.60057798719612,372.73026801704077,1.6181227485577772
13.24,15.3364,0.0818,-0.0129,236.48044452989188,287.8892368189988,666.6501678609872,240.8348449907888,223.32037205750228,217.87398685218244,379.16627192806664,1.6539477340400184
13.26,15.2413,0.0885,0.0131,239.19181175299383,291.19003169929687,665.3489068448697,243.61831612333893,231.35037189937694,219.19789732799657,383.1953718062676,1.6784064111911317
13.28,15.066,0.0928,0.0459,240.79134764022228,293.13729277940104,662.7463265445352,245.113714944998,236.53194793310487,219.78855642873788,385.68015252693095,1.6981863563842596
13.3,14.8908,0.0936,0.0787,241.03884522867384,293.43859419142905,660.1265550940551,245.12171186245857,237.6314771710757,219.66692522082377,386.224370799182,1.707691224598046
13.32,14.7567,0.0935,0.0966,240.97690303343552,293.3631863015737,658.0799566120476,244.8296701368933,237.6545557730984,219.45314693711336,386.29167981134816,1.7131700062767494
13.34,14.7754,0.0952,0.1013,241.70606988120738,294.25086768146986,658.5288383998487,245.60287814648328,239.60475883511725,219.91338422295752,387.34822841737287,1.7174653973256127
13.36,14.7313,0.0982,0.1036,242.83458959175715,295.62471776387827,657.8934789848907,246.7501943071147,243.09812441297453,220.47735314408393,389.0525504337443,1.72808884576168
13.38,14.815,0.1001,0.1067,243.67339080161992,296.64586706284166,659.4344264334483,247.72600932806995,245.17543328381228,221.100482034769,390.18698084352724,1.7299786039235927
13.4,15.0545,0.1012,0.1104,244.36842841603456,297.4919998108247,663.5985944231085,248.72360060699683,246.16752033110336,221.90489982297998,390.9358216730844,1.7229871850322935
13.42,15.3348,0.1024,0.1135,245.12466775090212,298.4126390010982,668.3974936321887,249.84032210610422,247.2259183351825,222.8053257035497,391.7366042449616,1.7147073433427014
13.44,15.5315,0.104,0.1162,245.9390874411229,299.40410645006267,671.7673379208943,250.92225775849033,248.81463177903737,223.59460301764858,392.7119200394024,1.711109854764021
13.46,15.7159,0.1051,0.1141,246.56090881083566,300.16110637840865,674.8783787433014,251.7717177013073,249.85366060645742,224.26331013113406,393.43176315235024,1.7068286671389932
13.48,16.0026,0.1044,0.1157,246.6314135047776,300.2469381797293,679.6517773682012,252.13843066281146,248.7891017559267,224.81598817753232,393.29042479337346,1.6937147497431422
13.5,16.2457,0.103,0.1173,246.40315383394082,299.9690568413193,683.6767588417739,252.13021586856036,246.99909436057067,225.14506607717425,392.79188106848096,1.6806472883560397
13.52,16.4907,0.1041,0.1173,247.05404030148512,300.7614403670254,687.6861325830798,253.09667301427157,247.98847159775198,225.92286297197543,393.5256296715812,1.6743194939492925
13.54,16.833,0.1061,0.1176,248.0801746682694,302.010647422241,693.1917422714733,254.60203188018454,249.8704480078581,227.0436959839555,394.70794895966634,1.6667497509898075
13.56,17.4134,0.1084,0.1188,249.3392250203254,303.5434043725701,702.3106849341954,256.6775346663021,251.84005725376974,228.6549892381343,396.05709894668655,1.6513172416324982
13.58,18.3453,0.1122,0.1197,251.26477102481837,305.8875473345615,716.5078070812503,259.9527161067438,255.08806246512054,231.1324591319247,398.1370115346696,1.6278862620481462
13.6,19.1352,0.1162,0.1193,253.10985077743092,308.13373138122023,728.2118792688608,262.95143815710463,258.64069977386987,233.3123354653799,400.22799212858644,1.61107046139263
13.62,19.6159,0.1198,0.1127,254.63570610717628,309.99129439134504,735.1958991080946,265.1779231027633,262.00587895204217,234.83702027799137,402.0418390847926,1.604211158392892
13.64,19.9324,0.1233,0.1124,256.0374573638346,311.69777418205956,739.7997749717055,267.04684176046607,265.3711166416675,236.03843954277338,403.74739388078183,1.602458504795646
13.66,20.1311,0.124,0.1175,256.43830336360867,312.1857606165671,742.7395578935036,267.6897242178441,265.9275640623159,236.5832743407153,404.2241169410039,1.5979523379708183
13.68,20.4109,0.124,0.1165,256.6261842904529,312.41448522316006,746.7589698300349,268.21690284252753,265.6967096327827,237.1504255306954,404.4150759851582,1.5894248289275534
13.7,21.036,0.1248,0.1183,257.1809312665981,313.08982936803255,755.5131071619759,269.62252498511873,266.0008068532446,238.40680446040895,404.9933409047398,1.5722239520339012
13.72,21.6987,0.1255,0.12,257.5532019239597,313.5430284291684,764.6170572942332,271.2193992652784,266.4452942942594,239.68240303219898,405.5306086142308,1.5534244929712362
13.74,22.013,0.1274,0.1205,258.38472390135206,314.5553160538199,768.9329817451733,272.42202220513803,268.089688849651,240.57639173454876,406.51656832625093,1.5489539361380233
13.76,22.147,0.1307,0.1115,259.5993584129178,316.0340015461608,770.7744299336123,273.8753942198044,271.37996000679397,241.395943515053,408.03871938074724,1.5526695058947
13.78,22.1836,0.1327,0.108,260.34486201821676,316.94157115261174,771.3511618017018,274.70303110862085,273.4195631163113,241.85551990011075,409.00033565210737,1.5561853553299443
13.8,22.1089,0.1321,0.1127,260.3641061039953,316.96499873529865,770.4967872554806,274.183290674374,272.5715366156808,241.74461593378336,408.89926260221404,1.5582146767639378
13.82,22.0445,0.1313,0.1095,260.1717768497264,316.73085877358,769.732975108869,273.8321603657469,271.83425303806575,241.6185466283773,408.7173996074316,1.5586508944227524
13.84,21.8988,0.1313,0.1113,260.22780302279665,316.7990645494916,767.9096874210214,273.62688917515027,271.96283138803886,241.48499698206663,408.8469016940562,1.5631629441160644
13.86,21.6495,0.129,0.1108,259.4845879728204,315.89428101039005,764.6720602884052,272.43865907824267,269.8613039237352,240.8304739517363,408.02317339942203,1.565697449175093
13.88,21.2553,0.1271,0.1113,258.8289794984199,315.09614895459816,759.4459195147165,271.13426157061053,268.2694285233855,239.9945932203797,407.3300677833581,1.5734944119204899
13.9,20.8161,0.1266,0.1101,258.6199141053971,314.8416345630921,753.5264592285338,270.23208946491644,268.13353646162614,239.29159455487454,407.20681423995455,1.5860564509794766
13.92,20.4022,0.1257,0.1073,258.2679613679706,314.41317036100776,747.8703247016977,269.2168511424998,267.5729124220372,238.55462810133528,406.9168536845771,1.5972223612578553
13.94,20.1907,0.1238,0.1139,257.641284063903,313.65025886040365,745.0506485124312,268.20232535798294,265.81274095827735,237.99097364962427,406.2281744739463,1.5997559011602314
13.96,20.1088,0.1224,0.1121,257.2239410687538,313.1421891271785,743.9923997852029,267.58607522765396,264.4523043787197,237.7220316622129,405.7629675529417,1.5994359235349325
13.98,20.0163,0.1231,0.1151,257.5168237785314,313.4987419912556,742.8093520658143,267.706099776788,265.25879222607506,237.7713384359151,406.1971358281559,1.604270585632037
14.0,19.8925,0.122,0.1118,257.18374677806946,313.09325694721497,741.1404391892149,267.1180295901517,264.24055894449776,237.47645196003452,405.85156757229004,1.6060317692799306
14.02,19.5761,0.1184,0.1088,255.91187686914066,311.54489357982345,736.7117736613516,265.2669606549393,260.78544974819914,236.43432750338062,404.37239276595204,1.6081619479055476
14.04,19.1213,0.112,0.1115,253.56504870143095,308.68788537565507,730.2610865731311,262.0888235978925,254.4480637809897,234.6440157587546,401.5366630620226,1.6078980128374898
14.06,18.7308,0.1056,0.112,251.16109583266984,305.7613340571633,724.647054645013,258.943217644367,247.9308934535405,232.90025198091485,398.55959393996056,1.605120809228677
14.08,18.2515,0.1021,0.1102,249.73753223080854,304.0283001070713,717.6145585185252,256.6896038099568,244.52573368777664,231.47574507304566,396.88362697997775,1.6128290432540524
14.1,17.9088,0.1014,0.1136,249.40566942626782,303.62429321458694,712.5721440425341,255.7818328776263,244.0447195897594,230.80406879596856,396.61562268417555,1.6233518687862771
14.12,17.7985,0.0993,0.1148,248.64293016197465,302.69574106675174,711.0043580456402,254.76153604486328,241.83452598372182,230.28935655864362,395.6618462334914,1.621900021634998
14.14,17.8636,0.0992,0.1188,248.72034939283375,302.78999056518893,712.1192699798439,254.88322686830352,241.6820233281199,230.48186608978767,395.7624117039111,1.6195196530406273
14.16,17.9549,0.0987,0.1235,248.65503951345116,302.71048288594056,713.6332826904974,254.89587605988663,241.06823758473942,230.64501991783413,395.6589029505987,1.6151052487700226
14.18,18.1347,0.0946,0.1251,247.20788102898794,300.9487247309418,716.4571714842219,253.61003783324125,236.39692566093848,230.2545779111869,393.6521849557461,1.5975781117292778
14.2,18.3753,0.0905,0.1149,245.71073239399928,299.12610900139043,720.0996132309749,252.3854331340149,231.64871075362873,229.93525977313084,391.56904932363557,1.5778212654820145
14.22,18.6411,0.0865,0.1103,244.18573232813824,297.26958718208135,724.1229565922384,251.20624713545004,226.96185976782238,229.638207886895,389.45468860649515,1.5571665068432958
14.24,18.8204,0.0831,0.1159,242.7289303520585,295.49608912424515,726.9049075387027,250.22299950420117,223.13873069811342,229.28045734217272,387.5950029378608,1.5402207407895914
14.26,19.0649,0.0874,0.1116,244.7071235126635,297.904324276286,730.5638027499084,252.6295665884951,227.95296451162412,230.7609257534126,390.32126906336094,1.5451170954394597
14.28,19.2555,0.0919,0.1055,246.86937596919915,300.5366316146773,733.4030363757121,254.74199533907853,232.6760869511526,232.14714306527836,393.0453963890795,1.5531960092753407
14.3,19.425,0.0969,0.0994,249.03945732132706,303.17846978248514,735.9218565243825,257.14837719631146,238.1020663188622,233.55550211257653,395.92756185255183,1.562036989528612
14.32,19.5946,0.1014,0.0934,250.95026302642748,305.5046680321726,738.4304793137088,259.29799022673484,242.90091716652898,234.82199542919008,398.437386267978,1.5690654027157511
14.34,19.7642,0.1057,0.0879,252.7370206515732,307.6798512280022,740.9300147482554,261.325476502797,247.41833324655013,236.01701946534106,400.76145568383384,1.5752200868414987
14.36,20.1798,0.1109,0.0979,254.88769995233622,310.29806950719194,746.9947911300738,264.1123472103611,252.6382830244371,237.76290762369845,403.4756356351409,1.5752441653025135
14.38,20.8878,0.117,0.1114,257.3834671192341,313.3363947538503,757.0624219553957,267.6920747284523,258.48422751149883,240.10365363412458,406.54078515583666,1.568128175739879
14.4,21.4903,0.1209,0.1194,259.00252595321143,315.3074228995618,765.4636051192134,270.204489146899,262.05595193468383,241.83931031852637,408.50697793719627,1.5592623869224134
14.42,21.7458,0.1238,0.1218,260.1661065532221,316.72395580392254,769.0385790075159,271.722450599168,264.82874398690666,242.82200175145317,409.9474864985916,1.5586374869250852
14.44,21.9249,0.1245,0.1171,260.534189809426,317.17205715930123,771.5257180734493,272.308960084991,265.41843562261346,243.31650876806097,410.4168751327161,1.5553000218774549
14.46,22.104,0.123,0.1146,259.9633331229192,316.4771011931191,774.0138751327221,272.3523305486878,264.11053086441586,243.4504256785694,409.93885378621127,1.5458591780428868
14.48,22.3476,0.1201,0.1119,259.1316418372076,315.4646074539919,777.3456443085178,271.6173360137899,260.8327901192445,243.44608841389518,408.84538618060475,1.532903199354484
14.5,22.5221,0.1184,0.1172,258.6742319445176,314.9077606281084,779.7898390213877,271.24207043328977,258.88186172581806,243.52412860682887,408.25441215632236,1.5244506317713953
14.52,22.5918,0.1184,0.1194,258.7776344183406,315.0336419005886,780.8275255762615,271.38014572387607,258.8287586619418,243.72588376898003,408.40614391725677,1.5227712308561745
14.54,22.5679,0.1208,0.1201,259.6927024176631,316.1476377258507,780.622817254343,272.32039824873704,261.389564257006,244.1883886132786,409.6123913811614,1.52908111311001
14.56,22.4892,0.125,0.1191,261.1884518088289,317.96855002813953,779.684671827752,273.85831277380754,265.8698733529051,244.85246091597085,411.56884554316406,1.5407897691607124
14.58,22.4738,0.1284,0.1229,262.6012634055119,319.68849458062317,779.6081656000549,274.85847013512534,269.01269083425507,245.46791250756593,413.14858364540464,1.5500527203915984
14.6,22.5116,0.1285,0.1238,262.7295343274167,319.84465048555074,780.2185316393056,274.9918233162779,269.0957985984018,245.63677839480474,413.33886406104705,1.5494570350409373
14.62,22.6817,0.127,0.1232,262.17498095229854,319.1695420288852,782.5629121503941,275.00493552116467,267.7879113824388,245.75716480822823,412.87436985347273,1.540571613160742
14.64,22.6864,0.1267,0.1236,262.1587489802831,319.1497813673012,782.7328474999285,274.9393874469104,267.4923501154221,245.8096597416791,412.8908637148093,1.5400379056753226
14.66,22.4679,0.1264,0.1093,262.2518234267163,319.263089389046,779.876982434221,274.2716111994349,267.06383986690514,245.51219624972506,412.8766591094457,1.5469855338690963
14.68,22.4947,0.1252,0.0753,261.7474341502844,318.64905026991147,780.1479133052629,274.1592144205107,266.209242686028,245.4530174164051,412.5108763574539,1.5430657018528546
14.7,22.5762,0.1226,0.0515,260.9687255882362,317.7010572378528,781.1982505757118,273.30862898884584,263.4494963042421,245.24630488213114,411.5397775269836,1.5356387902878321
14.72,22.4809,0.1201,0.056,260.15711077689457,316.7130044240456,780.068129027092,272.2555553041466,260.95677717448126,244.77070329965704,410.56738224367973,1.5328675499530307
14.74,22.352,0.1227,0.0596,261.09325597873845,317.8526594523773,778.4830331337397,273.1188906123416,263.82971398361997,245.09575086767157,411.83604367576595,1.5424202020152915
14.76,22.2516,0.1264,0.0641,262.64405275715643,319.74058596523395,777.2764277034802,274.0390013123102,267.28035168093004,245.6342127807538,413.5577812664959,1.5551511866600307
14.78,22.1521,0.1288,0.0734,263.54242303081253,320.8342541244674,776.1047285655577,274.74792249006,269.7542812448574,245.95184138880037,414.6985527252933,1.5636068258343672
14.8,22.0426,0.1312,0.0765,264.422711282982,321.9059093879781,774.7602044063883,275.42357895306515,272.2254958891197,246.24585805356818,415.8220477714304,1.5723722560396096
14.82,21.9918,0.1334,0.082,265.2359749881613,322.89596955080503,774.2131520329705,276.12391707362156,274.4442965234888,246.59661420809704,416.85723018893214,1.5788891178059454
14.84,22.0332,0.1349,0.0914,265.832130387711,323.6217239502569,774.9251148787174,276.7435852697484,275.89578647498035,246.98501821695638,417.61189454368656,1.581081509946403
14.86,22.0363,0.1373,0.0991,266.7090217969186,324.68924392668356,775.1133997466,277.5931291620559,278.25112075976267,247.44442643764575,418.7134486750433,1.5863134285848668
14.88,21.8763,0.1397,0.1075,267.52868349307255,325.6870929480884,773.1132320728194,278.14713578205124,280.7153930642592,247.63326109281005,419.7779636450127,1.5962785158768515
14.9,21.5728,0.1398,0.1066,267.5533531947294,325.71712562836626,769.1039362638298,277.67063560869605,281.04828538928905,247.24256433328046,419.91628911386806,1.6058277540569499
14.92,21.2372,0.1387,0.1043,267.17537163144374,325.2569741600185,764.6091109436094,276.7313827129821,280.2379900651632,246.61523777354458,419.578984301653,1.6139798241762087
14.94,20.7711,0.1342,0.109,265.6464056038367,323.39562421336643,758.296122827702,274.41275276140277,276.1792726842281,245.2476843544365,417.85680947236904,1.6189511452061844
14.96,20.3481,0.1296,0.1139,264.0660925948244,321.4717648980471,752.5013216181263,272.1005766393141,271.9377272946352,243.90598512734303,416.04391585977004,1.62239266364503
14.98,19.9177,0.1253,0.1133,262.54628095591073,319.62155942458696,746.4904850956461,269.83376486248284,267.95208095878957,242.56631407071472,414.29744349070995,1.6268315988064437
15.0,19.7646,0.1229,0.1191,261.7573906887237,318.66117127322883,744.4318732663079,268.7353423486596,265.64004764243094,241.9980550474123,413.37305086535133,1.6265058335969842
15.02,20.3233,0.1252,0.1169,262.8389194061691,319.97781492924935,752.4675533201953,270.6224061800424,267.55612841398454,243.4357696699984,414.5958670058273,1.6140562882876577
15.04,21.2818,0.1298,0.1202,264.79271746435927,322.35635169574175,765.9195560784235,274.0052140991959,271.463958349776,245.88255905199856,416.8275635712075,1.594801414440619
15.06,22.1681,0.1379,0.1057,267.8057877077119,326.0244372093884,777.9437608746082,278.3392352462089,278.8026616897575,248.66914391689411,420.38887893944997,1.586392859063021
15.08,22.6868,0.1448,0.0783,270.2426317064535,328.99102990350866,784.7851439479488,281.5199901398451,285.10653611904144,250.60430861472523,423.2801767305608,1.5863506344662843
15.1,22.5412,0.1497,0.0803,271.8218843269358,330.9135983110523,782.9739808962207,282.86774506224185,289.8900968789846,251.15713275368617,425.23772610363295,1.6006558943964735
15.12,22.1652,0.151,0.0801,272.18831733863476,331.3596906731206,778.0672971442921,282.642519841142,291.407967882445,250.8216530791308,425.80556390227645,1.6144378899353324
15.14,21.7958,0.1479,0.0837,271.2016934994361,330.1585833906179,773.2173507630791,281.0314145987426,288.74154007239076,249.8767564923048,424.7480789018882,1.6194121703037625
15.16,21.445,0.1364,0.0853,267.5389761375571,325.6996231239826,768.556936421756,276.6870246144346,277.8986322585368,247.7152507266112,420.3918948575447,1.6063697231086445
15.18,21.1734,0.1249,0.0902,263.68731997716446,321.01065040698285,764.9584316762238,272.3002305608725,266.706217762847,245.54998084778157,415.7052229603778,1.5894152202096292
15.2,21.0564,0.1168,0.0933,260.868572944608,317.57913228039234,763.4613507821903,269.22736330997765,258.5868084645385,244.08180708774876,412.2178513322557,1.5742386449249892
15.22,21.1215,0.1194,0.0979,261.90696359554056,318.84326002935376,764.4866588820332,270.31967753369815,261.2015005597221,244.72639940987685,413.5463462965747,1.5786575774737681
15.24,21.2728,0.1241,0.0966,263.69035865238914,321.0143496637781,766.6620941877999,272.2935335029924,265.8549574560439,245.85409835148462,415.78726765164924,1.5852829491772218
15.26,21.2747,0.1293,0.0986,265.56151488139415,323.29227898604506,766.7992945140452,274.13430536652965,271.0510263465641,246.7862716926041,418.1509137413397,1.5972480532418043
15.28,21.2654,0.1351,0.1005,267.5715311796932,325.7392553491917,766.7818682055118,276.11133760510654,276.7813663376891,247.76131737296484,420.68104466601534,1.6105003348745481
15.3,21.2561,0.14,0.1038,269.23301967436737,327.76193699488203,766.7723516782061,277.74427758109084,281.5663774551447,248.5697662502132,422.7724810017264,1.6214414991216264
15.32,21.5486,0.145,0.1082,270.9963112656431,329.9085528451307,770.9026723742918,279.93090317646033,286.17011902828597,249.8766348271405,424.8888792969771,1.623121955559949
15.34,21.8402,0.1518,0.1066,273.2704972545313,332.67712709247286,774.9538373575518,282.6397603693311,292.42292988092873,251.40608322368973,427.6115238206173,1.6283074903525996
15.36,21.9758,0.1564,0.1122,274.78135546178754,334.5164327360892,776.9164642908977,284.34093747516937,296.64267529506384,252.3459082135082,429.4354582617032,1.6334396243909142
15.38,22.0734,0.1587,0.1066,275.58073269334955,335.4895876266864,778.2985758315183,285.24382670805403,298.71653833802844,252.90460590261458,430.4070150109062,1.6353013940914007
15.4,22.0542,0.16,0.1131,276.0400594869414,336.04876807105916,778.177246872478,285.6350487214741,299.93698788664756,253.13563700242565,431.0026408714806,1.6385293998138344
15.42,21.9684,0.1604,0.109,276.20788078182846,336.25307225613903,777.0984904805767,285.6228130963122,300.37399198162655,253.13734146629093,431.2717167924574,1.6421520562258707
15.44,21.8799,0.1609,0.1121,276.40324418725,336.4909059670869,776.0207949601378,285.6399296528691,300.9030188421288,253.14680523757394,431.5748641414841,1.645963002702667
15.46,21.8147,0.1594,0.11,276.0292542043068,336.03561381393877,775.2259147264834,285.0934173530609,299.56044602476584,252.93241034231417,431.1813638713663,1.64538147296001
15.48,21.7389,0.1581,0.1143,275.70739448125084,335.6437845858706,774.3216116292067,284.59027439372375,298.40639752159905,252.72470798602322,430.852392037151,1.6454035276059367
15.5,21.6018,0.1568,0.111,275.35609572141976,335.2161165304241,772.5364876986297,283.965002871415,297.2983045891109,252.4121810030738,430.51063876538535,1.647359866177093
15.52,21.3662,0.1562,0.1122,275.16484259794146,334.98328664097227,769.419084053655,283.36890429983924,296.91566177951876,252.02404366069595,430.40159845292555,1.6536185982689735
15.54,21.0996,0.1557,0.1106,274.98287616600027,334.7617622890438,765.8339124530896,282.7373055870308,296.651563864467,251.59189592964464,430.3224569868848,1.6611422919568986
15.56,20.8513,0.1562,0.1103,275.09381537417676,334.8968187163891,762.4815472324796,282.4397430666357,297.3106342203479,251.3200786268518,430.60423956191227,1.6701130050756772
15.58,20.6033,0.1574,0.1095,275.39692904267474,335.2658266606475,759.104013115022,282.34691220210703,298.625596126648,251.13651580461124,431.1347887376388,1.6805176466069467
15.6,20.2397,0.159,0.1126,275.7347711842514,335.67711274604517,754.0841853781803,282.1391649179662,300.4054697118143,250.79323003883806,431.7852624721067,1.695433237787528
15.62,19.8705,0.161,0.1082,276.1522690245929,336.18537098646095,748.8804904769632,282.0139398258668,302.5664100026678,250.47810183544084,432.5687731959672,1.71158192890178
15.64,19.3403,0.1599,0.1095,275.5801487014129,335.48887667998093,741.303017212703,280.62891484677164,301.9807502992104,249.45129528481456,432.2368413447666,1.727446698644934
15.66,18.8428,0.1559,0.1084,274.20136137053896,333.81035297283006,734.0635494418926,278.4220366425302,298.6518240921316,248.08305557724483,430.8718697696107,1.7371422583528227
15.68,18.199,0.1492,0.1117,271.91442171053075,331.02625251716785,724.5158323871303,275.04567304011294,292.8448139411462,246.03318181531938,428.44650735485135,1.7469499898456557
15.7,17.6458,0.1437,0.1157,269.97776945012873,328.6685888958089,716.1609766848009,272.16290835519493,288.0259434336466,244.26609689019796,426.39970281884825,1.7562034017742862
15.72,17.2735,0.1397,0.1151,268.5825880646273,326.9701072091116,710.4525702677248,270.0975990755188,284.45162779390984,243.03325352108357,424.90749897969897,1.7621182363543821
15.74,17.3832,0.1379,0.1186,268.228645094234,326.53922011471974,712.2805547935095,269.79434785026126,282.58559036983667,243.07911817061517,424.34810410236366,1.7544001824345958
15.76,17.8623,0.1377,0.1218,268.6333306477406,327.03188078855374,719.806793315747,270.809127051247,281.97813199365174,244.08941689323223,424.4897678094081,1.7364322455719745
15.78,18.5242,0.1396,0.1256,269.7656522968072,328.4103593178523,729.9686158114656,272.86198464431396,283.2866518337277,245.7375595005476,425.4976859294266,1.7168996283519062
15.8,19.055,0.141,0.1255,270.61716590046035,329.4469845744735,737.9587811732104,274.44054567428117,284.22072974888675,247.03072261798906,426.2756735649649,1.701657190242373
15.82,19.2533,0.1403,0.126,270.6078436480506,329.435635745453,740.970884972659,274.6490048555093,283.38633094671,247.38408493213373,426.16897518998553,1.6937015728997107
15.84,19.0378,0.1385,0.1276,270.0116031477025,328.7097777450291,737.9026604327563,273.6531159281849,281.80332340043,246.8055416627937,425.5547572415462,1.697526977827193
15.86,18.753,0.1357,0.1284,269.0551628352013,327.54541562546245,733.7747965497085,272.1797352351164,279.2880514937162,245.93957814004023,424.51453478974736,1.7016732176416511
15.88,18.7377,0.133,0.1294,268.2836448814468,326.6061763774135,733.6444945119827,271.28866184504693,276.645069110527,245.58684066878035,423.5393299688854,1.6966144481688292
15.9,19.0044,0.1308,0.1342,267.8217412575705,326.0438589222598,737.7262956659985,271.1405621714838,274.27051118817366,245.83270831615522,422.8007561922772,1.6827422361003543
15.92,19.4786,0.1311,0.1367,268.2529225280099,326.5687752514903,744.7920829049959,272.2321432397054,274.22050649036305,246.83988334840228,423.13838840676186,1.6675427402914906
15.94,20.0487,0.1343,0.1362,269.6431263460635,328.26119729085997,753.111557794145,274.45378622314075,276.9564124416486,248.4507427937985,424.69252717694025,1.6559825940698871
15.96,20.5232,0.138,0.1372,271.12115862005214,330.06054092875917,759.9523843914177,276.6193163551073,280.21995567063783,249.93911108845532,426.4046878445576,1.6488967002826147
15.98,20.9626,0.1407,0.1376,272.2429102589579,331.42615161960094,766.2072247458499,278.3653770563656,282.5166464987124,251.19366227359185,427.68262424499824,1.641007431851966
16.0,21.25,0.1424,0.138,272.9751227780762,332.31754077331016,770.2899400187251,279.4843336315416,283.94774175281714,252.02533102989506,428.5296397151124,1.6359118766809315
16.02,21.3777,0.1438,0.1382,273.54735393434436,333.014170007028,772.146792215535,280.19860361213745,285.19643575810915,252.5354606272489,429.2296728419238,1.635154071000174
16.04,21.4253,0.145,0.1382,274.02460627721035,333.5951728592126,772.8967898295654,280.69500084767526,286.3053853162526,252.87835380394594,429.83636900838553,1.6364316544154431
16.06,21.4959,0.1456,0.1373,274.32207204360924,333.9573050965678,773.9563538014919,281.0429160852087,286.8270465790165,253.17259241389957,430.21325569146904,1.635788365862158
16.08,21.6004,0.1442,0.1371,274.0063905085117,333.5729971407968,775.4820367643161,280.8218264469558,285.42883823518383,253.23396689607085,429.8239646852005,1.6300325238236448
16.1,21.5729,0.1435,0.1398,273.8607763906075,333.39572777987,775.2166620213976,280.57529456233914,284.7822298707762,253.17274632817842,429.68319860250335,1.6296669833245006
16.12,21.4579,0.1434,0.1347,273.87128556301906,333.40852155497976,773.7054051630412,280.34810120511634,284.7665873391607,253.05064128234517,429.762230451286,1.633297197098406
16.14,21.2403,0.1423,0.1349,273.5275924661935,332.99011256753994,770.802501202764,279.6096455439263,283.8657680278029,252.60511727990027,429.4345419726231,1.637968032998271
16.16,21.0407,0.1351,0.1327,271.2231044813279,330.18464893379047,768.1161636685265,276.91817624661184,277.0781086029288,251.26360157463364,426.64951799210644,1.6292312884187725
16.18,20.955,0.128,0.132,268.9044768929347,327.36197186965967,767.0125179321166,274.4054623963309,270.2008359280463,250.0792752622225,423.7855507386527,1.6165516211632467
16.2,20.8901,0.1219,0.1339,266.8490650079487,324.85973131402454,766.2114465908953,272.2070304294397,264.19583034305225,249.04208253870533,421.2259279082275,1.6048612940074474
16.22,20.8183,0.123,0.1346,267.29746311855496,325.4056072747626,765.304678405399,272.48025863033075,265.3417049683574,249.1897654664433,421.8390495956083,1.60993144055432
16.24,20.7859,0.1262,0.1332,268.4804302085924,326.84574112350384,764.9357782433935,273.5460632746414,268.5421188594256,249.75108086409645,423.3769648912716,1.6185829049360225
16.26,20.7684,0.1293,0.1316,269.6121949662667,328.22354169806385,764.7741147961226,274.58886137827164,271.6105854649822,250.30991270743075,424.844346209929,1.6264080879822778
16.28,20.7574,0.1312,0.1299,270.3276809404953,329.0945681014726,764.7028016875552,275.2285440739102,273.48128219322797,250.67969642802137,425.7815093523123,1.631266162349074
16.3,20.7463,0.1316,0.1292,270.5391961419666,329.3520648684811,764.635782054761,275.3647198429089,273.8814751022776,250.80931957334585,426.08068349523836,1.6327804450332815
16.32,20.924,0.1333,0.1352,271.2504217730676,330.21790476721276,767.2529056829527,276.3019521713462,275.423116827714,251.4709177560939,426.95159936264895,1.6311087792076322
16.34,21.1683,0.1381,0.1349,272.9894793156381,332.3350182972986,770.7451457684384,278.3678024096812,279.9030538018109,252.71833418507694,429.08939309736604,1.634095564332707
16.36,21.3661,0.1421,0.1377,274.42538761279735,334.08308057210115,773.590987802411,280.05920847241873,283.59738710689334,253.7437335095731,430.84804551937395,1.6366216652219054
16.38,21.6239,0.1452,0.1416,275.58011573242203,335.48883654381814,777.2502557769452,281.5604528477691,286.36650668963784,254.72455672604664,432.23043440617715,1.6353531782162172
16.4,22.0325,0.1485,0.1416,276.83526328873165,337.0168422645429,782.9075229131913,283.38981768088826,289.20478046133996,255.97579033100018,433.6889530377113,1.6300162043123287
16.42,22.3778,0.1528,0.1431,278.35836757485026,338.8710561780786,787.6631224392412,285.38901758422844,292.98835561632467,257.2453314141145,435.48564895281663,1.6285841416687281
16.44,22.7479,0.156,0.1428,279.53424808549397,340.30256288668835,792.6948595610037,287.07395629777193,295.70674369150134,258.3850710648534,436.84812663026617,1.6243121109497458
16.46,23.0882,0.1589,0.1418,280.5964144187739,341.5956349445944,797.2826324431177,288.59677696747957,298.14990985422446,259.42198040621076,438.0782542834212,1.6203967586299026
16.48,23.3412,0.1622,0.1426,281.74025260988424,342.988133612033,800.7008973221062,290.0677411808323,300.9947315606352,260.3609725312427,439.42084094771513,1.6197183177234578
16.5,23.5546,0.1651,0.1406,282.7426269814133,344.2084154556336,803.5679178712413,291.3339460717802,303.4834963881615,261.1741994664505,440.5991685343328,1.6194153006954337
16.52,23.648,0.1672,0.1397,283.46831496642886,345.09186169826125,804.8721981958499,292.14162164668636,305.31333285191147,261.6854774615257,441.47192524063496,1.6209433206963528
16.54,23.5883,0.1667,0.1379,283.3897251131072,344.9961870942175,804.1838230084244,291.91172914893906,304.89944754211893,261.6132070688085,441.4269268032811,1.6219768065197342
16.56,23.313,0.1655,0.1371,283.0399700917316,344.57039837254285,800.6857232866832,291.08477280196644,303.9901801471484,261.102460755881,441.10906790215984,1.6277611793546871
16.58,22.9669,0.1637,0.134,282.4853274273447,343.89518121589794,796.2131911262112,289.9429339824034,302.5821572959202,260.391680437499,440.56817939957443,1.634565808542277
16.6,22.8575,0.1629,0.1296,282.2976988958024,343.6667638731507,794.836178960973,289.52577266408235,301.9256987704209,260.1941082874153,440.4064341812951,1.6365373499679654
16.62,22.8069,0.1624,0.1315,282.21824112602474,343.5700326751605,794.2704379438255,289.3100683176481,301.50121474355166,260.13178897899786,440.35737771611656,1.637306814532972
16.64,22.784,0.1619,0.1228,282.1464096385974,343.4825856469882,794.0124350249873,289.1372195616628,301.0615879867975,260.11455297163843,440.31157050167286,1.6374062188573808
16.66,22.4083,0.1619,0.1167,282.09302960943876,343.4176012636646,789.0560624949328,288.45076848285436,301.2996742544431,259.5791725419864,440.3912139213836,1.648683464126652
16.68,21.7347,0.16,0.1144,281.34719697216997,342.50963109655476,780.00933411066,286.62123214376373,300.0049353068213,258.2738331038108,439.7500422743887,1.6654913871465928
16.7,20.9258,0.1566,0.113,280.060408951768,340.9431065499785,768.8978956374898,284.04118091435316,297.4242124731478,256.49501913679245,438.5337254657701,1.684270972131635
16.72,19.8842,0.1518,0.1159,278.17242370213205,338.6446897243347,754.187771898406,280.5029013548369,293.68909702140104,254.04358551355696,436.7297961336971,1.7087961081882999
16.74,19.0237,0.1461,0.12,276.0365388209506,336.04448204289645,741.6940094572667,276.9735161768358,288.9417070810659,251.71337073710387,434.5514427628265,1.7267635354788347
16.76,18.4025,0.1407,0.1205,274.0767832387239,333.6586926384465,732.461927821705,273.9692673379249,284.2437453701115,249.8139417612092,432.45348590971486,1.7377818379845937
16.78,17.9479,0.1377,0.1229,272.9174192733183,332.24729302838745,725.6169356311948,272.03683141388046,281.681360985215,248.5532626330847,431.29381839656776,1.7481858366864436
16.8,17.6551,0.1344,0.1234,271.7655915390499,330.8450679605825,721.1733702330697,270.3460942919656,278.68861516106347,247.54847133284926,430.0131611456701,1.752209356357298
16.82,17.4038,0.133,0.1257,271.21710160943564,330.1773410897478,717.3459633638306,269.34368760839925,277.4998602593286,246.90499893150337,429.51190984610673,1.7588626715512734
16.84,17.2367,0.1319,0.1289,270.82285638930034,329.69739038697435,714.8204143876617,268.6253038023365,276.53882878256957,246.4737285583062,429.1468087981668,1.7630459877174118
16.86,17.0983,0.1317,0.1342,270.72786368960766,329.58174710039196,712.7484119389711,268.2619842271032,276.43733571901123,246.237996669341,429.16542169008954,1.768128123092499
16.88,17.0088,0.1313,0.1373,270.60956594858993,329.437732459153,711.4298434329115,267.9442899820219,276.1040446664323,246.07094854248538,429.1077743176152,1.770945420849954
16.9,16.9716,0.1302,0.1389,270.31750906514554,329.08218494887285,710.9311238187152,267.5204916835482,275.0433450793751,245.9025995961543,428.76020337833063,1.7702070373231225
16.92,16.9756,0.1272,0.1413,269.4603998925674,328.03874769529943,711.0942364237395,266.5708766664387,272.06933955447073,245.5163235343665,427.5915130382838,1.7635452503967284
16.94,17.015,0.1236,0.1424,268.4187002858495,326.77059165233857,711.8126570892367,265.4880662253907,268.450458543953,245.09422831607776,426.1332327878315,1.7540126233436746
16.96,17.14,0.1213,0.1448,267.8433031069629,326.07010813021566,713.8981366592848,265.0243181971165,266.0529979952368,245.05084980895046,425.24388687398925,1.7440466887166937
16.98,17.5192,0.1211,0.1461,268.1328274742395,326.422572577335,719.962199846536,265.8443667482142,265.59387292874044,245.87111943016646,425.3483320908994,1.729400015917964
17.0,18.1468,0.1243,0.1507,269.69517729932375,328.324563668742,729.7885600213987,268.3534411342917,268.37463520455213,247.73703438688906,427.03129122211254,1.7138581339500547
17.02,19.0372,0.1307,0.1515,272.4057380071458,331.62437670435145,743.310561715612,272.4290170686083,274.0959320497721,250.57532119340124,430.10789268259316,1.6970114529883675
17.04,19.9491,0.1389,0.1534,275.59649919333043,335.50878162666316,756.7709930665642,277.0090770879433,281.4175033934207,253.62941021574053,433.8027354208418,1.6841510366797174
17.06,20.7167,0.1451,0.154,277.98397823502813,338.4152778513386,767.8225993262884,280.542225897059,286.7967482452103,256.02156665257394,436.5238582410453,1.6723900408414862
17.08,21.0257,0.1511,0.1547,280.0404190565527,340.9187710253686,772.2576272750428,283.02362598734493,292.1908179150683,257.5161478305352,439.00747938078035,1.6749402268237708
17.1,20.9267,0.155,0.1544,281.23809800341,342.3768149606731,770.9584154743563,284.01599479719914,295.8437350695387,257.96998618951307,440.5792889031145,1.685965297162168
17.12,20.6254,0.1566,0.1508,281.6326518131629,342.85714133776355,766.7796819370728,283.89387638171894,297.49968072435644,257.73507591446304,441.2510104228186,1.6989491463137667
17.14,20.3254,0.1523,0.1503,280.29183227869436,341.22483929580187,762.5982600672249,282.016569722768,293.7328565520914,256.68149070986067,439.7389843888087,1.7005458866139551
17.16,19.9498,0.1444,0.1494,277.79314389932256,338.18295779047963,757.2827688723698,278.8513769753699,286.6051736336703,254.94638337022286,436.7731254709678,1.6972912791815546
17.18,19.5151,0.1365,0.1501,275.17688554143496,334.99794761565994,751.0474020858857,275.4791635741952,279.37831432492413,253.03678671366612,433.6472565798305,1.6955455478344374
17.2,19.1111,0.1287,0.1503,272.51632181867706,331.7590004749112,745.1760430922897,272.11167874032475,272.0821593543419,251.12785622932356,430.4028888547795,1.6925263707060358
17.22,18.7286,0.1273,0.1512,271.9204913337161,331.0336416236544,739.5528915661123,270.8457657734654,270.945629991934,250.251425869256,429.85340714099397,1.7029856502588367
17.24,18.4298,0.1276,0.1471,271.9179213035464,331.03051289127393,735.096974102621,270.3065081917614,271.425673656707,249.80191149242333,430.06007155414034,1.7146296297217578
17.26,18.1188,0.1274,0.1431,271.73101096854424,330.8029698747495,730.407514065323,269.56475836201355,271.4251168958745,249.2383477820212,430.04436273219676,1.7257673335835617
17.28,17.8079,0.1261,0.139,271.1739623730495,330.1248237584951,725.6667468680441,268.4493822637821,270.3428722995664,248.48636578089415,429.5421795340534,1.734600705895953
17.3,17.497,0.1251,0.135,270.7026713990323,329.55107822490885,720.8729828046663,267.4212809643734,269.55391118678057,247.77287127185738,429.1674743636805,1.7443068872467073
17.32,17.2474,0.1279,0.1423,271.4932824757614,330.51356127483996,717.0705882261217,267.7864372479707,272.4763191578629,247.79503169803183,430.48427973851045,1.7603698549030609
17.34,17.046,0.1325,0.144,272.8452554032127,332.1594413604329,713.9644411087753,268.81189101712073,277.1090549479086,248.18242657460308,432.55491040233534,1.7786688994393025
17.36,16.9875,0.1352,0.1507,273.6995230022896,333.19941930713514,713.1571072977721,269.5490094094256,279.7603228115438,248.55491443846378,433.80620805649386,1.7870182485232566
17.38,16.9198,0.1342,0.1534,273.41587559655943,332.85410942189844,712.1734510037228,269.09056091384065,278.83179745569976,248.3384870217102,433.5011954766992,1.7877344391089176
17.4,16.801,0.1348,0.153,273.56874249655846,333.04020825667993,710.3445773343443,269.0084947364994,279.4894220272175,248.2578752311853,433.8562730169067,1.7940042280429915
17.42,16.7592,0.1343,0.1428,273.4539952869411,332.90051600149354,709.6831933238296,268.7552252983049,279.03008834130173,248.17154864852608,433.76478736685874,1.7950251076532822
17.44,16.851,0.133,0.1432,273.22105782655575,332.6169399627636,711.2438680195294,268.58262613759035,277.6967705095399,248.24558222267788,433.35993590653834,1.7888388725119584
17.46,16.998,0.1315,0.148,272.9694491036369,332.31063369138406,713.7124557776366,268.4790328736158,276.12787226550546,248.40151817544003,432.87473604946075,1.7799778549069882
17.48,17.1487,0.1318,0.1511,273.27059448449546,332.6772454593858,716.2161109737958,268.9527099240373,276.3102241285168,248.84367833799732,433.15671457902636,1.7750212914993317
17.5,17.1617,0.1341,0.1523,274.06946815704435,333.64978732161927,716.5118206809983,269.73044163408144,278.52497538629035,249.30768910980072,434.26004107958113,1.7798303542008007
17.52,16.9737,0.136,0.1549,274.5611224460757,334.24832297783126,713.6126161563258,269.8949927623461,280.47944839846434,249.28253468314824,435.1452904316875,1.791499896534028
17.54,16.678,0.1374,0.1557,274.78392552583506,334.5195615097123,708.9416594373671,269.62777497314704,282.0247507270178,248.942862588505,435.7941359332028,1.806445859964506
17.56,16.3914,0.1383,0.1569,274.84557871031376,334.59461756038195,704.3690075529917,269.213068628212,283.0844020956683,248.53559068011006,436.2339875582842,1.8201464533427691
17.58,16.1017,0.1394,0.1586,274.9424134406378,334.71250331903735,699.6971882892614,268.83772581213583,284.3398304066538,248.13978896075767,436.7516366525396,1.8345906711071887
17.6,15.7622,0.1417,0.1599,275.30098610258517,335.1490265596689,694.135230735151,268.6792906672983,286.7801107442236,247.79404563955535,437.73866135339904,1.8538642581428872
17.62,15.515,0.1435,0.1587,275.59083157751064,335.5018819204478,690.0432553548509,268.5837885222632,288.6709705107045,247.56795453698967,438.53227244004387,1.868437968159093
17.64,15.244,0.1433,0.159,275.27687174987693,335.1196699563719,685.5129865265883,267.81833724010943,288.680334044097,246.98985185931804,438.52144171695727,1.8800421651375119
17.66,14.8499,0.1411,0.159,274.47837914334673,334.14759200059603,678.7943232597672,265.68479188673314,286.2419600377127,245.8216716901562,437.6809739863296,1.8950577166196887
17.68,14.3713,0.1392,0.1589,273.3778810890077,332.807855238792,670.4651691724252,263.78601271104986,284.76685474625214,244.46651415935366,436.9294707876375,1.9132737289290251
17.7,13.8652,0.1369,0.1586,272.08066581119556,331.22863663971634,661.4600371253058,261.64674880113637,282.92455120031735,242.9479513239149,435.9931775780054,1.9326751070422503
17.72,13.3847,0.1339,0.1573,270.57677238715496,329.3978098626235,652.7135387009012,259.3239997541359,280.37516380079967,241.34881385679435,434.7498640912076,1.9501243408918059
17.74,13.1549,0.1307,0.1579,269.38598656953934,327.9481575629175,648.5081828066881,257.66340869131125,277.4107370240316,240.34019501975664,433.4530811134598,1.9549385842695406
17.76,13.0955,0.1277,0.1599,268.514853254316,326.88764744003686,647.4816423992804,256.5682184726347,274.48325205749745,239.79625209268497,432.25531766179427,1.9514577493629446
17.78,13.1468,0.1271,0.1609,268.50345341580777,326.873769375766,648.524586474379,256.546435811125,273.83255840279713,239.91257945011395,432.1262808460588,1.9477572407867583
17.8,13.1567,0.127,0.1609,268.56784345202817,326.9521572459473,648.7823481362824,256.5522895772356,273.70886959220235,239.9979082002777,432.20738901872835,1.947339886769111
17.82,13.2395,0.1268,0.1588,268.7180099583324,327.13496864492646,650.3869380824244,256.7455993439378,273.43203454401953,240.2583939665875,432.26169899416846,1.9430324267926857
17.84,13.3446,0.1253,0.1597,268.52261496284723,326.8970964765097,652.4240232259717,256.6017410245087,271.8500116443415,240.36959455798103,431.74125821467703,1.9345601829556316
17.86,13.412,0.1234,0.1619,268.14204286005963,326.43379130789873,653.7641932243542,256.21406877258477,269.89335677539265,240.31401316465494,431.02274300354094,1.9270140556697388
17.88,13.4358,0.1227,0.1615,268.04542880830945,326.3161742014202,654.2742655458226,256.06969451150894,269.16228000995665,240.33666980182676,430.83172902605753,1.9244991092160821
17.9,13.4442,0.1231,0.1632,268.25572159616274,326.57218281271986,654.5153527829008,256.23166893203086,269.5399608235703,240.49797220697766,431.13797529715106,1.9252992547155796
17.92,13.602,0.1233,0.1626,268.62584425812383,327.0227669229334,657.4926936295652,256.77077864767773,269.61283773721533,241.00970037492957,431.3880706554983,1.9182644610926072
17.94,14.0411,0.1232,0.1629,269.29123129498174,327.8328033156299,665.5572608563872,258.02824865629964,269.19657091990695,242.17366413439302,431.56577184122614,1.897021049666574
17.96,14.6433,0.1226,0.1639,269.9582835522779,328.64486693320794,676.3505242066219,259.5482547048021,268.19106476482335,243.61930654485352,431.5476409791796,1.8677449153125434
17.98,15.1951,0.1241,0.1634,270.89815829915256,329.7890622772292,686.002798756236,261.94933779294666,269.8839724035216,245.2436250407685,432.47049590331545,1.844945865513672
18.0,15.723,0.1275,0.1635,272.607932840387,331.8705269361233,695.0480819587501,264.4377976929308,272.87221880696865,247.08252135055068,434.2245615189995,1.8302823360421119
18.02,16.2512,0.1299,0.1637,273.9649581879095,333.5225577939768,703.917411315576,266.56350401612457,274.85818375439266,248.7222947327347,435.50731926749114,1.8139593577670385
18.04,16.7237,0.132,0.1635,275.1381978726059,334.950849584042,711.7107917376319,268.4186347284654,276.57980063586257,250.1606960180746,436.6313039398506,1.7998213023640004
18.06,17.2779,0.1354,0.1657,276.75040789028384,336.91354004034554,720.6872620851286,270.84976717649283,279.487192151418,251.94654271165737,438.3057868505132,1.7857824396507738
18.08,17.7462,0.139,0.164,278.31143695104373,338.81392324474893,728.1266507083401,273.0923692981181,282.6117325773905,253.54811575029578,440.0137632011024,1.7759828596300236
18.1,18.0037,0.1423,0.1645,279.58792483403533,340.36790849360824,732.2125333740615,274.7201965365622,285.5534459009117,254.6481750103324,441.52850718646386,1.7735812535842406
18.12,18.0043,0.143,0.1642,279.8753039448156,340.71776132412333,732.2999285644015,274.94791327860116,286.2006507014603,254.83135914680793,441.9338293220655,1.7752935042219844
18.14,17.8432,0.1405,0.1652,279.0768096017747,339.7456812543344,729.8857604866739,273.8259808048986,283.9429451205338,254.20740516083467,441.01545417448966,1.7763323933659028
18.16,17.6111,0.1334,0.1648,276.79485718048556,336.9676522197216,726.3350628041824,271.0930384476937,277.32991638559577,252.71627709920818,438.13216923643,1.7701267201162199
18.18,17.4364,0.1263,0.1647,274.47766110991097,334.1467178729351,723.6632431581575,268.4241854639181,270.5605631862175,251.28767146661693,435.11717166880095,1.7611825292212115
18.2,17.3721,0.1193,0.1653,272.1857377369546,331.3565502884665,722.7293486879662,265.9738000960453,263.6992302794157,250.04464604289205,432.01217013756286,1.747575237319342
18.22,17.4626,0.121,0.1663,272.9010548101353,332.2273710732082,724.2449572537048,266.7737891469829,265.32965443333427,250.60234976240997,432.9444709587396,1.7484083800663504
18.24,17.6027,0.1243,0.1627,274.17618344343214,333.77970158330874,726.5054566317106,268.2080914297506,268.49493562896606,251.5285272422864,434.6078554683855,1.7511241785897478
18.26,17.4487,0.1277,0.1585,275.2439880424585,335.079637616906,724.1310339552853,268.96031835960514,271.8952466791925,251.85046981083119,436.2277754065626,1.765097155040859
18.28,17.2616,0.1302,0.1544,275.9668713177466,335.95966943030027,721.2171400026081,269.32253557615826,274.4209954635669,251.94142817373557,437.41488678775687,1.778245806615807
18.3,17.0745,0.1305,0.1503,275.9797037339734,335.9752915022285,718.2822967029975,268.97410691287456,274.8161870922928,251.67090434100388,437.63154890656335,1.7865307822707015
18.32,16.9119,0.1298,0.1542,275.6973969244452,335.63161364715063,715.775077575953,268.3721548479243,274.22903026704955,251.2884970532947,437.41556502953694,1.7915695497507624
18.34,16.7781,0.1326,0.1584,276.525658587337,336.63993219327983,713.720465757569,268.9418846942093,277.00073081606934,251.5225397814187,438.7261701002009,1.8032933379423655
18.36,16.5724,0.1343,0.1609,276.92855651275255,337.1304166242205,710.4722128182846,268.97274112492516,278.749106416023,251.41792332094352,439.5344057444555,1.8154930924068555
18.38,16.3364,0.1357,0.1615,277.1926606500241,337.45193470437715,706.6863326681537,268.8198805416808,280.2266279409565,251.19125570550392,440.20189312672835,1.82838734668658
18.4,16.1642,0.1359,0.165,277.15228865629757,337.4027861902753,703.9434364675202,268.45577767718765,280.51669064399744,250.91475444780576,440.37280875968594,1.8361263389557088
18.42,16.1091,0.1364,0.1663,277.3194431565954,337.6062786254205,703.114430579607,268.4797227197375,281.0179882622105,250.94364141010598,440.6930752402137,1.839749591119957
18.44,16.1553,0.1376,0.1672,277.79975835857573,338.1910101756575,703.962619008104,268.97704576904283,282.1184906220666,251.3055337021688,441.3256758315127,1.8406785538852501
18.46,16.2968,0.1398,0.1676,278.6711531075523,339.2518385657159,706.3800512570051,270.01842118327994,284.09881629739334,252.02873887293518,442.38649878005464,1.8397979804345728
18.48,16.4861,0.1423,0.1682,279.67227240606604,340.4705924943413,709.5700426663063,271.26373428668694,286.31712173875843,252.8959989201786,443.5664221172401,1.8375872600421257
18.5,16.7513,0.145,0.168,280.79824835259467,341.8413458205501,713.9655006665797,272.74861328374953,288.6576889445045,253.94992801996793,444.8258343351148,1.8327759201827498
18.52,17.0685,0.1478,0.1694,281.99122131553503,343.2936607319557,719.1649860805735,274.379443893875,291.0401829813985,255.11801402134634,446.1170749536276,1.8261822646591586
18.54,17.2768,0.1502,0.1681,282.9499112528639,344.4607615252256,722.5597617011317,275.6049080222581,293.10717784440783,255.98271934973533,447.21445938518104,1.823183149396292
18.56,17.266,0.1522,0.1696,283.57840409657615,345.22588324800574,722.4750273892586,276.1672023738102,294.9324770696452,256.31765751696787,448.1042943750733,1.8278203587644373
18.58,17.2691,0.1526,0.1696,283.77054213949805,345.45979043069326,722.6014147561696,276.3012799968887,295.282544334622,256.45690337593487,448.3799716035619,1.8287688828221706
18.6,17.4014,0.1527,0.1695,284.00447738707135,345.7445811668695,724.7790261183045,276.6697135531457,295.27770127067305,256.8296648003392,448.5655619496967,1.8241413218147142
18.62,17.6532,0.1531,0.1703,284.43156354008073,346.26451213575046,728.8341622164326,277.41596966585587,295.4733955350217,257.4943413628382,448.88788235246943,1.815581099760071
18.64,17.8955,0.154,0.1699,284.98150427798015,346.9340052079758,732.6994287183284,278.2742082975067,296.1314378063029,258.20290123700295,449.3974132163372,1.8085058713902866
18.66,18.1628,0.1563,0.1611,285.93458823248966,348.09428132650913,736.8656578180745,279.57521662960033,298.04180542157144,259.15057527587754,450.4359241717147,1.8034614055396851
18.68,18.4985,0.1587,0.1625,286.9665136238209,349.35053832465155,742.1074175488411,281.0655038920765,299.98826628527735,260.24125001331214,451.51264195290037,1.7960603965419284
18.7,18.805,0.1603,0.1674,287.74091953527426,350.29329334729044,746.8737526422965,282.2525254603072,301.22664752174296,261.1527675581064,452.2792491116922,1.7883017034834554
18.72,19.0799,0.1632,0.1657,288.8367485179615,351.6273460218662,751.0791750149345,283.7110905273168,303.63591917673466,262.166730590202,453.50597906660914,1.784329584205954
18.74,19.1498,0.1665,0.1683,289.8714466631028,352.886978546386,752.2211301550846,284.79747072269925,306.4979902831316,262.8190255530203,454.8229043419176,1.7882112503103484
18.76,19.1155,0.1682,0.1682,290.38102323304076,353.5073326315279,751.7868140848356,285.1942083008059,307.99820640611813,263.0508100551655,455.54081580138137,1.7927866856257915
18.78,18.9547,0.1707,0.1742,290.99484687828095,354.2545961996464,749.4906343860285,285.51232814493386,310.2642084916914,263.13087777489335,456.5099019654392,1.8031400235406718
18.8,18.7363,0.1743,0.1717,291.82347504065916,355.26336091906336,746.2554407714936,285.96486326798964,313.51124977978014,263.2254397993033,457.8341797661931,1.8176181770990985
18.82,18.4312,0.179,0.1686,292.81393927029933,356.46914345949483,741.6659426967675,286.46956422021196,317.73798657144806,263.2622560967692,459.4883554586006,1.8371426551214687
18.84,18.1002,0.18,0.1655,293.1085459950713,356.8277951244347,736.6264273512334,285.3944431419406,317.9431195478388,262.77517652931067,459.88315838632275,1.8533953205049722
18.86,17.606,0.1782,0.1668,292.23031476043985,355.7586440561877,728.9927183692644,283.6873523661587,316.65452957134806,261.58864718672186,459.3118950219745,1.8692079886296071
18.88,16.8385,0.1757,0.1691,290.8288984128123,354.05257198081495,716.8259480953233,281.04733703354555,314.919635167062,259.6869479344817,458.44076971632353,1.8951565225930889
18.9,15.9306,0.1726,0.165,289.0035384324833,351.83039461345794,701.9171721717754,277.7769445629438,312.75380911406546,257.31791125947234,457.3160171965459,1.9274590053983627
18.92,14.8907,0.1665,0.1635,286.11258109891384,348.3109682943299,684.1879585715243,273.2256388683111,308.045642747773,254.14352883220837,455.0763064863478,1.9623832982996394
18.94,14.0828,0.157,0.165,282.56800254370916,343.9958291836459,669.9116791261275,268.3030281425281,300.09029955492304,250.95759560599788,451.54822818046824,1.9825303342896625
18.96,13.5329,0.1473,0.1657,279.2495770326384,339.95600682234243,659.92051680335,263.960774226447,291.5967557386973,248.27785991525178,447.8076445846404,1.9905935658685077
18.98,13.0934,0.1399,0.1682,276.6126120368573,336.7457885666089,651.7805541242966,260.4905676247726,284.9785586487146,246.11755378827476,444.82704802749805,1.9978600935433954
19.0,12.9292,0.1336,0.1685,274.68285987984615,334.3965250711171,648.7329196110738,258.1426745151844,279.0989472328827,244.80460228385996,442.2469905365234,1.9930961638445432
19.02,12.8545,0.1278,0.1666,272.99165565424744,332.3376677529969,647.3585472439003,256.17649457509157,273.5471636949225,243.77229921906897,439.8008197274758,1.9843611373876766
19.04,12.9413,0.1237,0.1686,272.0210768298548,331.15609353199716,649.0994432135194,255.21057873772483,269.4791772720548,243.4202683377246,438.07875246974083,1.970567886063925
19.06,13.2053,0.1211,0.1714,271.74490419897705,330.8198833726678,654.1890952763767,255.2450009979819,266.75182992062486,243.7702502876626,437.0520121137745,1.950971519032093
19.08,13.6337,0.1209,0.1734,272.4051940623882,331.62371451073346,662.2575220189074,256.51329684247,266.29896735295046,244.93134680248554,437.1773405684981,1.9291227845749308
19.1,14.2838,0.122,0.1728,273.715298453307,333.2186242040259,674.1503719975212,258.8089677282786,267.01651712300884,246.8371177200461,437.95936674319427,1.900507719646666
19.12,15.278,0.1246,0.174,275.80547924510233,335.7631921244724,691.6967360753463,262.4731049670981,269.0300250760791,249.74973160966792,439.49671034124,1.861355723527274
19.14,16.1544,0.1276,0.1745,277.7397341852773,338.11793726903323,706.6000505303251,265.80129100732194,271.4843544832018,252.3348100242635,441.1568269798462,1.830837881881753
19.16,16.8928,0.125,0.1745,277.35342170121737,337.6476438101777,718.7878742443601,267.37235525742824,269.2702828496965,253.60414095699244,440.23960682568026,1.792897446117625
19.18,17.6471,0.1219,0.1759,276.9919360827401,337.2075743615967,730.9163220519023,268.2327219524797,265.8797204720905,254.74695647625396,439.0624701772514,1.7566464758793605
19.2,18.1895,0.1188,0.1759,276.36273931017166,336.4415956819481,739.4590987887362,268.5072029991578,262.59607608975267,255.38743059079616,437.80808476561066,1.7292944494393334
19.22,18.4584,0.1224,0.1757,277.8425685431772,338.2431269221288,743.6746698455908,270.34066272533727,265.9780091966045,256.63687887036326,439.6739971703229,1.7282323642566586
19.24,18.4759,0.1296,0.175,280.33797967483343,341.28101873457985,744.0149513522028,272.71908351601485,272.8776153941565,257.96705979773674,443.0728810591599,1.7443113532804297
19.26,18.0793,0.135,0.1704,281.86760185410566,343.1431674745634,737.9435319264235,273.4782397377783,278.169206925636,258.1095801866571,445.4760178232158,1.771084343326674
19.28,17.4831,0.1363,0.1652,281.8720822828839,343.14862190959786,728.6287240328272,272.4348847434917,279.68496581832846,257.1448251342008,446.0378067229927,1.796764480248845
19.3,16.8868,0.1343,0.1601,281.1180837954939,342.2307107075578,719.1109621322236,269.83345598367316,277.391921160193,255.62297430388944,445.1839378632649,1.818358083198368
19.32,16.3748,0.1306,0.1617,279.57244469565256,340.34906310775096,710.8204855266159,267.3762758692783,274.1250815257627,253.9758551252149,443.5852255654244,1.831273039402878
19.34,16.1545,0.13,0.163,279.24683321915273,339.9526665276642,707.2488337947317,266.61482161497753,273.64301369205674,253.45699807595693,443.39138448608026,1.8393650270556035
19.36,15.9594,0.1297,0.1672,279.03386392336796,339.69339955888273,704.089222110682,266.00969466163207,273.4330872998789,253.03809758667168,443.3342958562506,1.8471352597402575
19.38,15.9406,0.1287,0.1699,278.7805586784741,339.3850279564033,703.8646474894598,265.66249825023425,272.47673716232856,252.90526047824193,443.0002848934835,1.845919070919118
19.4,16.1552,0.1276,0.1733,278.72718160089846,339.32004716631116,707.5494701461994,265.9128703057446,271.3184552824862,253.28489261220784,442.6655166653486,1.834593129227585
19.42,16.46,0.1269,0.1759,278.87000183327456,339.49391527529076,712.6875498031532,266.5164590239625,270.5045628048663,253.92433163381597,442.52560153592617,1.820582073540272
19.44,16.7189,0.1274,0.1763,279.3379843393227,340.0636331087407,717.0059417599314,267.3597562424503,270.85867280767945,254.6515680824548,442.91834855885037,1.8114380438316544
19.46,16.8496,0.1286,0.1761,279.91128528217223,340.76156469134014,719.204426677248,268.08088940097167,271.93196196770384,255.2086754613949,443.59943244006996,1.8091797471682547
19.48,16.9192,0.1295,0.1773,280.3342834463873,341.2765189782107,720.4142960880521,268.54970106662313,272.7428504214622,255.58104250682214,444.1307477590001,1.8086834926420776
19.5,17.2095,0.1313,0.1792,281.2268202779244,342.3630855557341,725.1773288735322,269.8605581623631,274.3068906056653,256.5748275125923,445.1000176920844,1.8014445589791446
19.52,17.7438,0.1336,0.1792,282.1465293932224,343.48273143522727,733.7344002407757,272.40511365921617,276.9067176882637,258.1522189540173,446.32265599692204,1.7839750610533467
19.54,18.3655,0.1369,0.1786,283.72614524540825,345.40574203788833,743.4814891865958,274.9281969880118,279.6889644185956,260.03555498030823,447.97083218954333,1.7682296622085014
19.56,18.9606,0.1439,0.1793,286.38325509521115,348.64048446373533,752.6376941841634,278.44931449929794,285.8571165196718,262.3905007317835,451.1075368961236,1.7617323351043108
19.58,19.4126,0.1513,0.1789,288.9887347113437,351.81237269207054,759.4893275246017,281.67327827913635,292.33913500353526,264.4553971742168,454.2545074624908,1.7610832476342384
19.6,19.7041,0.1559,0.1795,290.60899536003603,353.7848639165656,763.8900752307557,283.6698973126368,296.2993348915065,265.7586379097319,456.1947208984974,1.760300715148509
19.62,19.8566,0.1575,0.1801,291.2502798337817,354.56555805851684,766.2156238866258,284.4829784358271,297.63463818398753,266.3549277533611,456.94462371335,1.7584468680358827
19.64,19.7237,0.1564,0.1797,290.92055320403824,354.16415172665523,764.3346370900701,283.8813455920489,296.7110492480156,266.0180670557739,456.6234827111659,1.7611227876408866
19.66,19.3622,0.1552,0.1782,290.40113128946433,353.53181200456527,759.0403501194959,282.7186833099498,295.8047029295256,265.2158831191846,456.22152545530446,1.7715391744407971
19.68,18.9284,0.1528,0.1789,289.46616578410743,352.39359312847864,752.6041377947466,281.0323681272998,293.85875730784153,264.08482114243725,455.3389305241909,1.7823696102837014
19.7,18.8058,0.1503,0.1777,288.7195751368333,351.4847001665797,750.8135165459596,280.03695896948744,291.6625640446364,263.55123178070176,454.4584024993298,1.7820933493078892
19.72,19.07,0.1495,0.1801,288.7525860414057,351.5248873547548,754.9007401823847,280.4443665971143,290.8055876469378,264.0387468869384,454.3067128040057,1.7713369718854572
19.74,19.6208,0.1508,0.1796,289.5877469852273,352.5416050254941,763.1977541799771,282.1093045964956,291.70912166010646,265.3889571990353,455.03087118391795,1.755026311921909
19.76,20.1862,0.1553,0.1806,291.35089079762525,354.688040971022,771.5770972134039,284.69578643464456,295.456222427951,267.20321640503,456.986682835669,1.744965920238836
19.78,20.757,0.1609,0.1788,293.39784443565514,357.1799845303628,779.87634675297,287.5562472436457,300.12563489201654,269.1439257804429,459.308317215235,1.7371700945752993
19.8,21.1686,0.1665,0.1795,295.313192244776,359.51171229798825,785.8097116861168,290.02125209189154,304.8046032523528,270.74958231602113,461.5407179345474,1.7345964575754809
19.82,21.3715,0.1701,0.1793,296.5190645626236,360.97973077188965,788.7459382194743,291.4551960838708,307.80441863185814,271.6797922754301,462.97689578962974,1.7349706025287996
19.84,21.2574,0.1712,0.1801,296.83983177035697,361.3702299813042,787.2236677029065,291.5160485142889,308.7846210779246,271.69189293160196,463.4649131980336,1.7407958824274055
19.86,20.8442,0.1695,0.1804,296.20014572592635,360.59148175330165,781.4435404039841,290.15951950463545,307.49659590386887,270.7765256884484,462.91478960743206,1.75121290579964
19.88,20.0567,0.1657,0.1788,294.7097383081939,358.77707272301865,770.1400289148353,287.3636891196813,304.5602260434475,268.8479379297637,461.5382997096593,1.77052079532614
19.9,19.1237,0.1595,0.179,292.7061729386175,356.33794966440394,756.3820230797219,282.9486524809127,298.75303532335886,266.2407157158198,459.2108124908016,1.7935694799344517
19.92,18.3706,0.1523,0.1772,290.1421362274122,353.21651366815405,744.9701306598087,279.11369053771136,292.69847376426685,263.7655734207567,456.441850162683,1.8071901615239514
19.94,17.9621,0.1444,0.176,287.56518379281385,350.079354182556,738.6894442868438,275.85368009522523,285.77221695556864,261.82608787247585,453.33181293083345,1.8068168403485136
19.96,17.7163,0.1372,0.1806,285.2517602397653,347.2630124658013,734.9309292793781,273.13834163667707,279.2906551587809,260.2726651740644,450.3958353830543,1.8012298799864646
19.98,17.6009,0.1328,0.1793,283.8548303657218,345.562402184357,733.1704014885374,271.53255207044737,275.25419431440247,259.397526082417,448.5833198003381,1.7963958075428708
20.0,17.6046,0.1312,0.1784,283.42204243013146,345.0355299149427,733.2956629412547,271.06323774225604,273.7511368491388,259.21661640577895,447.99108997056095,1.7930029334575617
